1
34734
34793
34871
34931
34991
35068
35131
35209
35273
35338
35403
35470
35530
35593
35658
35723
35790
35860
35934
36001
36067
36132
36201
36271
36357
36421
36511
36600
36670
36746
36814
36881
36947
37013
37082
37168
37232
37298
37357
37418
37482
37551
37612
37700
37774
37841
37929
37992
38062
38129
38229
38296
38362
38428
38531
38595
38662
38732
38801
38873
38940
39005
39070
39130
39192
39261
39340
39411
39481
39551
39621
39699
39768
39836
39896
39958
40023
40097
40164
40231
40301
40371
40436
40501
40563
40633
40694
40756
40824
40891
40960
41022
41110
41183
41253
41334
41399
41463
41549
41621
41693
41761
41831
41901
41970
42037
42103
42171
42241
42305
42372
42431
42492
42561
42621
42688
42753
42815
42883
42945
43010
43077
43143
43213
43280
43341
43411
43481
43552
43618
43684
43750
43812
43881
43948
44013
44095
44156
44220
44290
44351
44421
44485
44554
44623
44690
44757
44823
44891
44956
45021
45085
45152
45222
45292
45362
45438
45503
45571
45631
45705
45775
45841
45911
45981
46052
46121
46194
46261
46331
46401
46467
46534
46598
46662
46731
46793
46857
46918
46982
47052
47121
47191
47261
47331
47400
47463
47534
47597
47659
47726
47793
47860
47931
48001
48072
48141
48220
48292
48363
48424
48491
48557
48623
48691
48756
48817
48881
48951
49017
49084
49156
49235
49299
49363
49429
49493
49561
49631
49701
49771
49841
49906
49973
50042
50115
50177
50241
50311
50382
50451
50525
50587
50650
50720
50790
50879
50943
51011
51072
51135
51203
51271
51345
51412
51481
51552
51616
51682
51746
51811
51884
51951
52021
52091
52162
52231
52301
52371
52442
52516
52581
52648
52718
52783
52845
52909
52970
53043
53110
53180
53251
53323
53392
53458
53524
53591
53661
53729
53792
53860
53927
53991
54055
54121
54184
54251
54327
54393
54461
54521
54591
54661
54734
54801
54871
54941
55007
55074
55145
55207
55272
55342
55412
55476
55539
55610
55673
55741
55804
55874
55937
56001
56072
56137
56200
56260
56322
56391
56462
56531
56597
56662
56731
56801
56871
56941
57007
57074
57141
57211
57281
57351
57421
57491
57561
57631
57706
57779
57843
57911
57973
58042
58109
58170
58231
58293
58360
58423
58491
58552
58621
58683
58744
58808
58872
58941
59009
59073
59141
59203
59271
59333
59402
59465
59531
59601
59671
59741
59810
59872
59941
60011
60087
60152
60220
60284
60369
60449
60511
60573
60637
60706
60773
60837
60901
60962
61031
61094
61162
61226
61293
61360
61426
61491
61561
61631
61701
61771
61841
61911
61978
62042
62110
62173
62241
62305
62371
62433
62501
62570
62633
62695
62761
62822
62885
62952
63021
63084
63144
63211
63278
63341
63401
63463
63525
63591
63661
63731
63801
63871
63942
64010
64075
64141
64211
64281
64351
64421
64491
64561
64632
64700
64771
64831
64891
64953
65021
65087
65152
65221
65292
65354
65432
65510
65571
65631
65693
65758
65819
65880
65943
66011
66075
66141
66203
66271
66353
66417
66482
66551
66613
66681
66747
66811
66883
66947
67013
67078
67141
67212
67277
67340
67403
67471
67541
67611
67681
67751
67822
67888
67953
68022
68099
68159
68221
68290
68361
68431
68501
68571
68642
68711
68783
68849
68913
68976
69039
69102
69171
69232
69306
-1500
-1310
-1330
-1230
-1330
-1379
-1330
-1330
-1379
-1330
-1310
-1310
-1310
-1270
-1270
-1270
-1230
-1330
-1310
-1230
-1139
-1230
-1270
-1230
-1139
-1330
-1310
-1230
-1230
-1379
-1180
-1230
-1270
-1270
-1230
-1270
-1270
-1310
-1310
-1310
-1270
-1270
-1270
-1330
-1310
-1310
-1310
-1270
-1230
-1379
-1310
-1270
-1270
-1310
-1270
-1270
-1230
-1379
-1330
-1270
-1230
-1230
-1330
-1270
-1270
-1270
-1270
-1379
-1270
-1270
-1330
-1330
-1310
-1310
-1379
-1330
-1310
-1330
-1379
-1330
-1270
-1230
-1420
-1500
-1460
-1420
-1420
-1310
-1180
-1379
-1330
-1330
-1379
-1310
-1310
-1310
-1330
-1330
-1330
-1330
-1330
-1310
-1270
-1460
-1270
-1379
-1420
-1330
-1379
-1330
-1310
-1500
-1420
-1270
-1310
-1540
-1420
-1310
-1270
-1460
-1460
-1330
-1310
-1460
-1330
-1330
-1379
-1330
-1379
-1379
-1330
-1330
-1420
-1310
-1330
-1330
-1330
-1379
-1379
-1379
-1310
-1379
-1379
-1420
-1420
-1379
-1270
-1330
-1500
-1500
-1330
-1270
-1420
-1500
-1420
-1379
-1330
-1420
-1460
-1460
-1379
-1460
-1379
-1270
-1420
-1540
-1420
-1270
-1310
-1500
-1500
-1139
-1180
-1540
-1500
-1230
-569
-930
110
-230
1460
840
-1080
-1080
-80
-949
-1460
-1730
-1460
-569
-190
-500
-340
-310
-270
-380
-340
-340
-310
-380
-310
-310
-190
-230
-420
-689
-270
-840
270
-1570
-2110
-3150
-2529
-2600
-760
-500
-1690
-1570
-689
-689
-2490
-2830
-1920
-1379
-2370
-3640
-2070
-1330
500
-1760
-1330
-1230
-1120
-930
190
-340
-80
-150
-110
-80
-150
-150
-340
-1310
2110
1530
3210
2370
1040
-840
-2300
-4600
800
1730
-270
270
720
1800
890
1649
910
80
-1080
-2600
-1950
-1540
-800
-340
-310
-340
40
80
270
500
190
689
-2790
-1950
-1649
-1040
-2110
-2110
-2759
-3110
-3299
-3870
-3759
-3640
-4710
-2600
-2790
-2870
-2180
-3259
-2600
-2529
-2529
-2450
-2640
-2560
-2640
-2720
-2560
-2340
-2790
-2720
-2300
-2529
-2370
-569
1230
2259
2450
800
2220
1879
2070
1950
1379
1610
2560
1879
2140
1920
2720
3170
2300
2560
1570
2410
500
1040
1120
720
910
910
530
270
0
-150
-40
230
80
-110
-230
190
110
80
-150
-110
-40
150
-150
-420
-110
-420
-569
-230
-110
-270
-460
-310
0
-190
-420
-80
-310
-460
0
0
190
380
420
230
270
380
420
340
270
270
530
230
-110
-40
40
-110
0
1040
1120
650
1180
1530
760
720
910
569
380
610
689
150
-650
-689
460
1080
610
380
760
720
40
190
840
1040
990
230
150
610
460
80
150
569
150
-40
80
270
460
300
-80
-190
300
610
270
80
-80
40
380
650
569
230
230
610
650
800
1379
500
1330
2370
4140
5180
4480
4630
10190
5180
4330
-2029
-40
1139
420
720
800
650
840
760
910
890
910
949
910
910
840
890
990
1139
1270
949
1120
910
1080
1120
1040
1139
1040
1420
1530
1230
1760
1920
1760
1800
1500
1530
1180
1500
1530
1649
1610
1420
1530
1500
1460
1800
1530
1649
1530
1730
1950
2110
2140
2220
2490
2680
2640
2680
2150
2150
2110
2110
2110
2110
2110
2110
2150
2150
2029
2070
2150
2110
2110
2070
2110
2110
1920
2110
2110
2070
2029
2070
2150
2070
2029
2029
1990
2029
1950
1990
1990
2029
1920
1920
2070
2029
1840
1950
2029
1920
1950
1920
1950
1950
1990
1950
1920
1990
1990
1920
1840
1990
1879
1879
1879
1990
1950
1840
1840
2029
1950
1840
1920
1950
1920
2029
1920
1920
1879
1990
1950
1879
1879
1879
1879
1879
1800
1879
1879
1879
1879
1840
1920
1920
1879
1879
1920
1879
1840
1879
1879
1879
1920
1840
1920
1920
1920
1879
1879
1879
1990
1950
1690
1920
2110
1760
1690
1950
1879
1840
1840
1690
1920
2029
1649
1730
1990
1920
1840
1760
1920
1920
1800
1840
1800
1760
1840
1920
1840
1800
1840
1879
1840
1879
1840
1840
1800
1840
1800
1840
1840
1800
1879
1840
1760
1760
1840
1800
1760
1800
1879
1760
1800
1800
1879
1840
1800
1730
1879
1879
1690
1760
1800
1840
1840
1800
1800
1840
1800
1760
2070
1800
1730
1950
2560
1800
2960
2529
4750
2910
2180
949
890
530
310
569
1139
1080
930
930
949
949
949
890
990
949
930
949
930
949
949
930
930
949
930
930
-230
1760
1230
1540
2560
2870
2560
1760
2070
3060
3110
2680
2720
3110
2910
2759
2980
3529
2029
2600
890
80
1379
890
890
1420
949
990
949
949
949
930
930
1040
949
190
1420
890
1920
1420
3210
3410
3910
3759
1610
1649
2529
3990
3170
5010
4559
4210
5050
4670
3910
3410
3830
5130
5370
5519
5559
6050
5480
5410
5130
5180
4990
5180
3990
4900
5010
5519
5220
4940
4710
4400
4290
4290
4059
3529
2029
5519
6050
5220
4400
4210
3990
4400
4100
4059
4140
4140
4059
4180
3990
4180
3990
4059
4140
4140
4140
4750
3340
5180
5750
5790
5180
5220
4750
5180
4790
4059
5220
5430
5630
5010
5050
4330
3759
3950
4140
4480
3830
4210
4019
4019
3990
4059
3990
3640
3950
3720
3680
3950
3790
3870
3790
3830
3680
3830
3790
3680
3759
3600
3259
3170
3410
3450
3299
3299
3259
3380
3060
2960
2980
3060
2910
3060
3020
2980
3450
3680
3720
3910
3790
3680
3759
3640
3529
3340
2910
2759
3210
2960
2790
3380
3020
3060
2910
2560
3490
3450
2960
2910
2759
3450
3380
3410
3569
3830
3950
3790
3990
3720
3910
4140
3910
3569
3759
4180
4059
4180
3990
3910
3990
4019
3870
3830
3990
3990
3680
3759
3870
3910
3910
3870
3870
4100
4140
4100
3990
3910
4019
4059
4250
4180
3990
3790
4019
4019
4019
3910
4059
4400
3910
1920
1950
1840
930
1570
800
0
-949
-1879
-650
-2340
-689
-1420
-1040
-890
-689
-1080
-910
-650
-720
-530
-720
-720
-760
-650
-610
-650
-650
-460
-420
-689
-890
-650
-420
-500
-720
-689
-720
-110
-340
-40
270
-300
40
-530
-380
-270
-610
-610
-190
-910
-800
-300
-270
-720
-610
-190
-890
-650
-650
-720
-530
-230
-150
-380
-460
-460
-840
-569
9110
9110
8850
9000
8920
8960
8960
9039
8920
8920
9039
9000
8960
8920
9080
8960
9000
9000
8960
8960
8920
9000
8960
9039
8960
9000
9000
9000
8960
9039
8960
9080
8960
9039
9000
8960
8920
8960
9000
8960
8960
9000
9000
9039
8920
9039
9000
9000
8960
9039
9000
9039
9080
8920
9039
9039
9039
9000
8960
9039
9039
8960
9000
9039
9039
8960
9000
8960
8960
9000
9000
9039
9000
8960
9039
8960
9000
9000
9000
8920
9039
8960
9080
9000
9000
9000
9080
8920
9000
9080
8960
9039
9039
9000
9000
9039
9039
9000
9000
9000
9039
9000
8920
9150
9000
9000
9080
8920
9000
9150
8920
8920
9000
9190
8960
9000
8960
9150
9000
8960
9000
9080
9000
8960
9039
9000
9039
9080
9039
8960
9039
9039
9000
8960
9000
9000
9039
8960
8960
9000
9000
9000
8960
9080
9000
8960
9080
9000
9000
9000
9000
9000
9039
8920
8920
8960
9039
8920
9080
9039
9000
8850
9000
9080
9000
8960
9039
9039
9000
9000
9110
9039
9000
8960
9110
9340
8920
9720
7440
9380
8430
7400
10880
9660
9619
9080
9490
8880
9110
8880
9280
9280
8960
9380
9230
9150
9230
9230
9150
9230
9190
9230
9230
9280
9150
9190
9190
9150
9470
9530
9770
10310
8730
7970
7309
8880
8350
7120
8240
8660
9720
8500
9000
8470
8850
9699
7930
7080
7970
12300
8810
9150
9039
9110
9660
8730
9080
9380
9150
9150
9230
9230
9039
9190
9580
10690
9490
8850
6889
6430
6660
7160
11650
9810
8430
8920
6820
8270
7210
8470
8310
9000
8470
8240
7349
7400
6889
7349
7120
6740
7700
7700
7700
7630
8880
7820
8470
7820
7080
6740
6660
8119
8350
7630
7010
7930
7700
7889
9230
6700
7120
6740
7550
8500
7740
7780
8390
7860
7889
7970
7700
7930
8770
7080
8470
7860
7970
8470
7860
8430
8350
7269
6130
6240
7780
8119
8270
8010
7080
6660
7309
7210
7550
6660
7080
7269
8730
9080
6130
9110
7970
7860
8470
7970
7889
8080
8310
8160
8500
8770
8270
8390
8240
8500
8390
8430
8160
8350
8430
8390
8539
8470
8690
8690
8350
8690
8539
8770
8310
8660
8810
8920
8730
8880
8580
8660
8850
8730
8350
8350
8430
8350
8500
8580
8080
8470
8470
8660
8960
8310
8770
8660
8539
9150
8200
8660
8619
8660
8920
8470
8619
8270
8619
8470
8770
8390
8500
8660
7930
8539
8240
8430
8160
8240
8119
8200
8240
8240
8050
8580
8010
8350
8119
8080
8270
8539
8200
8350
8390
8430
8240
8350
8200
8270
8310
8240
8350
8050
8270
8390
8580
8160
8240
8200
8119
8539
8119
8350
8500
8240
8240
8390
7440
9580
8810
8200
7040
7269
8160
6550
5559
6320
3490
11600
8240
9619
8660
9380
9080
9080
9000
9190
9039
9080
9000
8960
9080
9190
9150
9080
9000
9150
8880
9280
8850
9300
8880
9039
9080
8960
9110
9039
8580
9280
8690
9039
9110
9080
8850
8850
9080
9190
8850
8730
8960
9000
8810
9000
8920
9000
8850
8960
9000
8920
8850
8660
8880
8920
8920
8850
9000
8619
