1
1077951556
1077951570
1077951600
1077951630
1077951660
1077951690
1077951720
1077951750
1077951780
1077951810
1077951840
1077951870
1077951900
1077951930
1077951960
1077951990
1077952020
1077952050
1077952080
1077952110
1077952140
1077952170
1077952200
1077952230
1077952260
1077952290
1077952320
1077952350
1077952380
1077952410
1077952440
1077952470
1077952500
1077952530
1077952560
1077952590
1077952620
1077952650
1077952680
1077952710
1077952740
1077952770
1077952800
1077952830
1077952860
1077952890
1077952920
1077952950
1077952980
1077953010
1077953040
1077953070
1077953100
1077953130
1077953160
1077953190
1077953220
1077953250
1077953280
1077953310
1077953340
1077953370
1077953400
1077953430
1077953460
1077953490
1077953520
1077953550
1077953580
1077953610
1077953640
1077953670
1077953700
1077953730
1077953760
1077953790
1077953820
1077953850
1077953880
1077953910
1077953940
1077953970
1077954000
1077954030
1077954060
1077954090
1077954120
1077954150
1077954180
1077954210
1077954240
1077954270
1077954300
1077954330
1077954360
1077954390
1077954420
1077954450
1077954480
1077954510
1077954540
1077954570
1077954600
1077954630
1077954660
1077954690
1077954720
1077954750
1077954780
1077954810
1077954840
1077954870
1077954900
1077954930
1077954960
1077954990
1077955020
1077955050
1077955080
1077955110
1077955140
1077955170
1077955200
1077955230
1077955260
1077955290
1077955320
1077955350
1077955380
1077955410
1077955440
1077955470
1077955500
1077955530
1077955560
1077955590
1077955620
1077955650
1077955680
1077955710
1077955740
1077955770
1077955800
1077955830
1077955860
1077955890
1077955920
1077955950
1077955980
1077956010
1077956040
1077956070
1077956100
1077956130
1077956160
1077956190
1077956220
1077956250
1077956280
1077956310
1077956340
1077956370
1077956400
1077956430
1077956460
1077956490
1077956520
1077956550
1077956580
1077956610
1077956640
1077956670
1077956700
1077956730
1077956760
1077956790
1077956820
1077956850
1077956880
1077956910
1077956940
1077956970
1077957000
1077957030
1077957060
1077957090
1077957120
1077957150
1077957180
1077957210
1077957240
1077957270
1077957300
1077957330
1077957360
1077957390
1077957420
1077957450
1077957480
1077957510
1077957540
1077957570
1077957600
1077957630
1077957660
1077957690
1077957720
1077957750
1077957780
1077957810
1077957840
1077957870
1077957900
1077957930
1077957960
1077957990
1077958020
1077958050
1077958080
1077958110
1077958140
1077958170
1077958200
1077958230
1077958260
1077958290
1077958320
1077958350
1077958380
1077958410
1077958440
1077958470
1077958500
1077958530
1077958560
1077958590
1077958620
1077958650
1077958680
1077958710
1077958740
1077958770
1077958800
1077958830
1077958860
1077958890
1077958920
1077958950
1077958980
1077959010
1077959040
1077959070
1077959100
1077959130
1077959160
1077959190
1077959220
1077959250
1077959280
1077959310
1077959340
1077959370
1077959400
1077959430
1077959460
1077959490
1077959520
1077959550
1077959580
1077959610
1077959640
1077959670
1077959700
1077959730
1077959760
1077959790
1077959820
1077959850
1077959880
1077959910
1077959940
1077959970
1077960000
1077960030
1077960060
1077960090
1077960120
1077960150
1077960180
1077960210
1077960240
1077960270
1077960300
1077960330
1077960360
1077960390
1077960420
1077960450
1077960480
1077960510
1077960540
1077960570
1077960600
1077960630
1077960660
1077960690
1077960720
1077960750
1077960780
1077960810
1077960840
1077960870
1077960900
1077960930
1077960960
1077960990
1077961020
1077961050
1077961080
1077961110
1077961140
1077961170
1077961200
1077961230
1077961260
1077961290
1077961320
1077961350
1077961380
1077961410
1077961440
1077961470
1077961500
1077961530
1077961560
1077961590
1077961620
1077961650
1077961680
1077961710
1077961740
1077961770
1077961800
1077961830
1077961860
1077961890
1077961920
1077961950
1077961980
1077962010
1077962040
1077962070
1077962100
1077962130
1077962160
1077962190
1077962220
1077962250
1077962280
1077962310
1077962340
1077962370
1077962400
1077962430
1077962460
1077962490
1077962520
1077962550
1077962580
1077962610
1077962640
1077962670
1077962700
1077962730
1077962760
1077962790
1077962820
1077962850
1077962880
1077962910
1077962940
1077962970
1077963000
1077963030
1077963060
1077963090
1077963120
1077963150
1077963180
1077963210
1077963240
1077963270
1077963300
1077963330
1077963360
1077963390
1077963420
1077963450
1077963480
1077963510
1077963540
1077963570
1077963600
1077963630
1077963660
1077963690
1077963720
1077963750
1077963780
1077963810
1077963840
1077963870
1077963900
1077963930
1077963960
1077963990
1077964020
1077964050
1077964080
1077964110
1077964140
1077964170
1077964200
1077964230
1077964260
1077964290
1077964320
1077964350
1077964380
1077964410
1077964440
1077964470
1077964500
1077964530
1077964560
1077964590
1077964620
1077964650
1077964680
1077964710
1077964740
1077964770
1077964800
1077964830
1077964860
1077964890
1077964920
1077964950
1077964980
1077965010
1077965040
1077965070
1077965100
1077965130
1077965160
1077965190
1077965220
1077965250
1077965280
1077965310
1077965340
1077965370
1077965400
1077965430
1077965460
1077965490
1077965520
1077965550
1077965580
1077965610
1077965640
1077965670
1077965700
1077965730
1077965760
1077965790
1077965820
1077965850
1077965880
1077965910
1077965940
1077965970
1077966000
1077966030
1077966060
1077966090
1077966120
1077966150
1077966180
1077966210
1077966240
1077966270
1077966300
1077966330
1077966360
1077966390
1077966420
1077966450
1077966480
1077966510
1077966540
1077966570
1077966600
1077966630
1077966660
1077966690
1077966720
1077966750
1077966780
1077966810
1077966840
1077966870
19988
19948
19863
19777
19691
19605
19520
19434
19348
19292
19268
19246
19223
19200
19177
19170
19172
19164
19157
19149
19154
19165
19156
19146
19146
19146
19143
19138
19133
19126
19120
19116
19111
19106
19106
19102
19097
19097
19092
19085
19079
19075
19070
19067
19067
19072
19082
19071
19036
19018
19014
19008
19008
19008
19008
19008
19007
19005
19002
19000
19001
19006
19004
18994
18986
18979
18973
18974
18979
18979
18977
18972
18978
18986
18982
18984
18980
18968
18966
18964
18962
18960
18959
18959
18959
18959
18959
18964
18965
18954
18945
18938
18935
18932
18928
18922
18919
18917
18914
18912
18908
18903
18901
18905
18906
18898
18893
18892
18893
18896
18898
18900
18902
18905
18909
18906
18896
18890
18888
18885
18883
18881
18879
18877
18875
18872
18870
18867
18864
18861
18858
18855
18853
18850
18847
18844
18841
18838
18835
18832
18829
18827
18824
18820
18815
18812
18812
18812
18808
18800
18797
18795
18793
18793
18793
18793
18791
18786
18781
18776
18773
18782
18788
18778
18764
18763
18771
18768
18765
18759
18747
18732
18726
18731
18730
18725
18726
18727
18728
18730
18731
18732
18733
18732
18727
18720
18713
18710
18706
18703
18700
18697
18695
18695
18690
18682
18675
18669
18664
18663
18661
18659
18657
18651
18640
18636
18636
18636
18636
18636
18636
18636
18636
18636
18636
18636
18631
18622
18614
18614
18611
18610
18608
18605
18603
18601
18598
18596
18593
18591
18588
18585
18582
18581
18579
18576
18574
18571
18569
18566
18564
18561
18559
18557
18553
18552
18549
18546
18542
18538
18533
18529
18525
18521
18517
18515
18512
18510
18504
18499
18499
18499
18499
18503
18509
18509
18509
18509
18509
18509
18509
18509
18509
18506
18501
18497
18492
18486
18482
18477
18472
18468
18465
18460
18457
18454
18452
18448
18445
18442
18431
18420
18420
18418
18413
18410
18408
18406
18404
18402
18401
18401
18401
18402
18404
18407
18409
18412
18415
18419
18418
18413
18409
18406
18403
18401
18401
18401
18399
18396
18393
18390
18386
18383
18377
18376
18372
18360
18357
18355
18352
18349
18346
18343
18337
18332
18332
18332
18332
18332
18335
18335
18321
18315
18320
18319
18313
18306
18303
18297
18295
18300
18302
18299
18297
18294
18288
18280
18274
18267
18265
18268
18271
18271
18265
18264
18264
18264
18264
18262
18258
18254
18250
18246
18241
18233
18225
18217
18209
18204
18196
18188
18195
18201
18204
18204
18203
18199
18195
18191
18187
18181
18171
18161
18160
18165
18163
18161
18159
18157
18156
18156
18154
18149
18143
18139
18135
18133
18130
18128
18123
18117
18110
18105
18100
18093
18087
18087
18087
18087
18087
18087
18082
18076
18073
18069
18068
18068
18068
18068
18068
18068
18068
18068
18068
18068
18065
18059
18053
18047
18043
18037
18031
18033
18038
18036
18035
18033
18032
18031
18029
18028
18028
18024
18014
18009
18004
17994
17985
17970
17960
17963
17966
17968
17965
17957
17954
17949
17945
17941
17937
17933
17930
17933
17937
17942
17947
17949
17947
17945
17943
17941
17938
17934
17930
17925
17921
17917
17913
17907
17900
17893
17885
17881
17881
17879
17874
17874
17881
17888
17890
17886
17883
17877
17876
17886
17887
17880
17879
17877
17875
17873
37093
37173
37344
37516
37687
37857
38029
38200
38372
38489
38546
38603
38659
38717
38774
38820
38850
38876
38901
38927
38912
38848
38820
38854
38888
38921
38932
38915
38890
38856
38822
38836
38936
38976
38908
38840
38787
38754
38768
38816
38841
38867
38892
38890
38888
38930
38981
38945
38808
38735
38768
38820
38854
38888
38921
38940
38944
38953
38961
38970
38973
38973
38990
39024
39026
38992
38958
39004
39052
39001
38966
38949
38877
38820
38854
38888
38857
38804
38804
38804
38804
38804
38807
38814
38821
38827
38834
38822
38799
38787
38776
38775
38786
38798
38820
38854
38888
38921
38956
38990
38984
38933
38954
39008
39008
39024
39058
39070
39056
39043
39029
39015
39008
39008
39008
38992
38958
38942
38946
38949
38953
38957
38961
38965
38968
38972
38975
38976
38979
38981
38982
38985
38987
38989
38991
38993
38995
38997
38999
39001
39003
39005
39007
39008
39008
39008
39008
39008
39008
38998
38975
38952
38940
38940
38940
38940
38948
38965
38982
38999
39008
38945
38880
38897
38874
38822
38814
38837
38860
38840
38804
38804
38812
38829
38884
38936
38928
38918
38911
38902
38894
38885
38877
38888
38921
38940
38940
38940
38940
38940
38940
38940
38940
38940
38908
38872
38872
38872
38872
38872
38872
38872
38872
38872
38872
38867
38854
38844
38845
38863
38867
38854
38844
38833
38821
38810
38820
38854
38875
38882
38889
38896
38902
38906
38908
38909
38911
38912
38914
38915
38917
38918
38918
38921
38921
38924
38924
38927
38928
38929
38931
38932
38934
38935
38936
38938
38939
38940
38940
38940
38940
38940
38940
38940
38948
38965
38982
38999
39040
39046
39013
39024
39036
39042
39039
39031
39024
39016
39008
39001
38993
38985
38978
38973
38973
38973
38973
38973
38973
38973
38973
38973
38973
38973
38972
38966
38960
38954
38949
38943
38940
38940
38940
38956
38990
39021
39048
39075
39101
39129
39130
39095
39107
39136
39119
39101
39085
39071
39060
39048
39049
39067
39076
39076
39076
39046
39008
39008
39013
39025
39036
39046
39059
39070
39046
39008
39008
39008
39008
39008
39008
39008
39008
39008
39008
39008
39008
39008
39008
39008
39037
39091
39126
39128
39094
39076
39076
39076
39092
39126
39128
39094
39076
39076
39076
39076
39045
39019
39040
39064
39071
39060
39048
39049
39067
39068
39052
39034
39018
39005
38999
38992
38985
38978
38989
39023
39058
39092
39126
39144
39144
39134
39110
39088
39107
39144
39135
39115
39095
39074
39054
39057
39092
39126
39144
39138
39125
39110
39098
39084
39076
39076
39068
39051
39034
39017
39012
39021
39029
39037
39046
39059
39070
39069
39051
39027
39039
39061
39046
39055
39063
39072
39060
39053
39075
39098
39110
39110
39110
39110
39110
39110
39110
39094
39060
39026
39010
39015
39020
39025
39030
39034
39040
39058
39072
39062
39053
39043
39033
39023
39013
39008
39008
39008
39008
39008
39024
39058
39092
39126
39140
39132
39123
39115
39126
39149
39159
39168
39178
39188
39197
39207
39212
39190
39139
39103
39086
39070
39056
39043
39029
39015
39010
39015
39020
39025
39030
39034
39040
39042
39042
39042
39042
39049
39067
39084
39101
39110
39110
39110
39116
39127
39138
39128
39095
39076
39061
39045
39052
39059
39066
39072
45080
45080
45080
45080
45080
45080
45080
45080
45080
45080
45080
45080
45080
45080
45080
45080
45080
45080
45080
45080
45080
45080
45080
45080
45080
45080
45080
45080
45080
45080
45080
45080
45080
44651
43731
43240
43240
43240
43240
43240
43240
43240
43240
43240
43240
43240
43240
43240
43240
43240
43240
43240
43240
43240
43240
43240
43240
43240
43240
43240
43240
43240
43240
43240
43240
43240
43240
43240
43240
43240
43240
43240
43240
43240
43240
43240
43240
43240
43240
43240
43240
43240
43240
43240
43240
43240
43240
43240
43240
43240
43240
43240
43240
43240
43240
43240
43240
43240
43240
43240
43240
43240
43240
43240
43240
43240
43240
43240
43240
43240
43240
43240
43240
43240
43240
43240
43240
43240
43240
43240
43240
43240
43240
43240
43240
43240
43240
43240
43240
43240
43240
43240
43240
43240
43240
43240
43240
43240
43240
43240
43240
43240
43240
43240
43240
43240
43240
43240
43240
43240
43240
43240
43240
43240
43240
43240
43240
43240
43240
43240
43240
43240
43240
43240
43240
43240
43240
43240
43240
43240
43240
43240
43240
43240
43240
43240
43240
43240
43240
43240
43240
43240
43240
43240
43240
43240
43240
43240
43240
43240
43240
43240
43240
43240
43240
43240
43240
43240
43240
43240
43240
43240
43240
43240
43240
43240
43240
43240
43240
43240
43240
43240
43240
43240
43240
43240
43240
43240
43240
43240
43240
43240
43240
43240
43240
43240
43240
43240
43240
43240
43240
43240
43240
43240
43240
43240
43240
43240
43240
43240
43240
43240
43240
43240
43240
43240
43240
43240
43240
43240
43240
43240
43240
43240
43240
43240
43240
43240
43240
43240
43240
43240
43240
43240
43240
43240
43240
43240
43240
43240
43240
43240
43240
43240
43240
43240
43240
43240
43240
43240
43240
43240
43240
43240
43240
43240
43240
43240
43240
43240
43240
43240
43240
43240
43240
43240
43240
43240
43240
43240
43240
43240
43240
43240
43240
43240
43240
43240
43240
43240
43240
43240
43240
43240
43240
43240
43240
43240
43240
43240
43240
43240
43240
43240
43240
43240
43240
43240
43240
43240
43240
43240
43240
43240
43240
43240
43240
43240
43240
43240
43240
43240
43240
43240
43240
43240
43240
43240
43240
43240
43240
43240
43240
43240
43240
43240
43240
43240
43240
43240
43240
43240
43240
43240
43240
43240
43240
43240
43240
43240
43240
43240
43240
43240
43240
43240
43240
43240
43240
43240
43240
43240
43240
43240
43240
43240
43240
43240
43240
43240
43240
43240
43240
43240
43240
43240
43240
43240
43240
43240
43240
43240
43240
43240
43240
43240
43240
43240
43240
43240
43240
43240
43240
43240
43240
43240
43240
43240
43240
43240
43240
43240
43240
43240
43240
43240
43240
43240
43240
43240
43240
43240
43240
43240
43240
43240
43240
43240
43240
43240
43240
43240
43240
43240
43240
43240
43240
43240
43240
43240
43240
43240
43240
43240
43240
43240
43240
43240
43240
43240
43240
43240
43240
43240
43240
43240
43240
43240
43240
43240
43240
43240
43240
43240
43240
43240
43240
43240
43240
43240
43240
43240
43240
43240
43240
43240
43240
43240
43240
43240
43240
43240
43240
43240
43240
43240
43240
43240
43240
43240
43240
43240
43240
43240
43240
43240
43240
43240
43240
43240
43240
43240
