8
627612090
627612107
627612120
627612133
627612145
627612158
627612171
627612184
627612197
627612210
627612223
627612235
627612248
627612261
627612274
627612287
627612300
627612313
627612326
627612339
627612351
627612365
627612378
627612391
627612404
627612417
627612429
627612442
627612455
627612468
627612481
627612494
627613501
627833933
627833949
627833962
627833975
627833988
627834000
627834013
627834038
627834051
627834064
627834077
627834089
627834102
627834115
627834127
627834140
627834153
627834166
627834178
627834191
627834204
627834218
627834231
627834244
627834836
627834856
627834870
627834883
627834896
627834909
627834922
627834934
627834947
628054609
628054626
628054639
628054652
628054665
628054678
628054690
628054703
628054716
628054729
628054742
628054754
628054767
628054780
628054793
628054805
628054818
628054831
628054844
628054857
628054870
628054884
628054897
628054910
628054923
628054936
628054948
628054961
628054974
628055000
628055013
628055026
628055039
628279479
628279485
628279489
628279493
628279497
628279501
628279505
628279509
628279513
628279516
628279520
628279524
628279528
628279532
628279536
628279540
628279544
628279548
628279551
628279555
628279559
628279564
628279568
628279572
628279576
628279581
628279584
628279588
628279593
628279597
628279601
628279605
628279609
628502571
628502576
628502580
628502584
628502588
628502592
628502596
628502600
628502604
628502608
628502611
628502615
628502619
628502623
628502627
628502631
628502635
628502638
628502642
628502646
628502650
628502655
628502659
628502663
628502667
628502671
628502675
628502679
628502683
628502687
628502691
628502695
628502700
628725871
628725876
628725880
628725894
628725898
628725902
628725906
628725909
628725913
628725917
628725921
628725925
628725929
628725933
628725937
628725941
628725945
628725949
628725953
628725957
628725961
628725966
628725970
628725975
628725979
628725983
628725987
628725991
628725995
628726000
628726004
628726008
628726012
628949014
628949019
628949023
628949027
628949031
628949035
628949038
628949042
628949046
628949050
628949054
628949058
628949062
628949065
628949069
628949074
628949077
628949081
628949085
628949089
628949093
628949097
628949101
628949105
628949109
628949113
628949116
628949120
628949124
628950167
628951344
628952519
628953695
629175740
629175744
629175748
629175752
629175756
629175760
629175764
629175768
629175772
629175775
629175779
629175783
629175787
629175791
629175795
629175799
629175802
629175806
629175810
629175814
629175828
629175832
629175836
629175840
629175844
629175848
629175852
629175855
629175859
629175863
629175867
629175871
629175875
629398471
629398476
629398480
629398484
629398488
629398492
629398496
629398500
629398503
629398507
629398511
629398515
629398519
629398523
629398527
629398531
629398534
629398538
629398542
629398546
629398550
629398554
629398558
629398562
629398566
629398570
629398574
629398578
629398581
629398585
629398589
629398593
629398597
629620693
629620698
629620702
629620706
629620710
629620714
629620718
629620722
629620725
629620729
629620733
629620737
629620741
629620745
629620760
629620764
629620768
629620772
629620776
629620779
629620783
629620788
629620792
629620796
629620800
629620804
629620808
629620812
629620816
629620820
629620824
629620828
629620832
629844921
629844926
629844930
629844934
629844938
629844942
629844946
629844949
629844953
629844957
629844961
629844965
629844969
629844973
629844977
629844981
629844984
629844988
629844992
629844996
629845000
629845004
629845008
629845012
629845016
629845020
629845024
629845028
629845032
629845036
629845040
629845044
629845048
630067788
630067793
630067796
630067800
630067804
630067808
630067812
630067816
630067820
630067824
630067827
630067831
630067835
630067839
630067843
630067847
630067851
630067855
630067858
630067862
630067866
630067871
630067874
630067878
630067882
630067886
630067890
630067894
630067898
630067902
630067905
630067909
630067913
630291656
630291661
630291665
630291668
630291672
630291676
630291680
630291684
630291688
630291692
630291696
630291700
630291703
630291707
630291711
630291715
630291719
630291723
630291727
630291731
630291734
630291739
630291743
630291747
630291750
630291754
630291758
630291762
630291766
630292399
630293575
630294752
630295926
630514352
630514358
630514362
630514366
630514370
630514373
630514377
630514381
630514385
630514389
630514393
630514397
630514401
630514404
630514408
630514412
630514416
630514420
630514424
630514428
630514431
630514436
630514440
630514444
630514448
630514452
630514456
630514459
630514464
630514468
630514472
630514476
630514480
630738618
630738624
630738628
630738632
630738636
630738640
630738643
630738647
630738651
630738655
630738659
630738663
630738667
630738670
630738674
630738678
630738682
630738686
630738690
630738695
630738699
630738703
630738707
630738712
630738716
630738720
630738724
630738728
630738732
630738736
630738740
630738744
630738748
630962739
630962744
630962748
630962751
630962755
630962759
630962763
630962767
630962771
630962775
630962779
630962782
630962786
630962790
630962794
630962798
630962802
33807026
33807026
33807026
33807026
33807026
33807026
33807026
33807026
33807026
33807026
33807026
33807026
33807026
33807026
33807026
33807026
33807026
33807026
33807026
33807026
33807026
33807026
33807026
33807026
33807026
33807026
33807026
33807026
33807026
33807026
33807026
33807026
33807026
33807026
33807026
33807026
33807026
33807026
33807026
33807026
33807026
33807026
33807026
33807026
33807026
33807026
33807026
33807026
33807026
33807026
33807026
33807026
33807026
33807026
33807026
33807026
33807026
33807026
33807026
33807026
33807026
33807026
33807026
33807026
33807026
33807026
33807026
33807026
33807026
33807026
33807026
33807026
33807026
33807026
33807026
33807026
33807026
33807026
33807026
33807026
33807026
33807026
33807026
33807026
33807026
33807026
33807026
33807026
33807026
33807026
33807026
33807026
33807026
33807026
33807026
33807026
33807026
33807026
33807026
33807026
33807026
33807026
33807026
33807026
33807026
33807026
33807026
33807026
33807026
33807026
33807026
33807026
33807026
33807026
33807026
33807026
33807026
33807026
33807026
33807026
33807026
33807026
33807026
33807026
33807026
33807026
33807026
33807026
33807026
33807026
33807026
33807026
33807026
33807026
33807026
33807026
33807026
33807026
33807026
33807026
33807026
33807026
33807026
33807026
33807026
33807026
33807026
33807026
33807026
33807026
33807026
33807026
33807026
33807026
33807026
33807026
33807026
33807026
33807026
33807026
33807026
33807026
33807026
33807026
33807026
33807026
33807026
33807026
33807026
33807026
33807026
33807026
33807026
33807026
33807026
33807026
33807026
33807026
33807026
33807026
33807026
33807026
33807026
33807026
33807026
33807026
33807026
33807026
33807026
33807026
33807026
33807026
33807026
33807026
33807026
33807026
33807026
33807026
33807026
33807026
33807026
33807026
33807026
33807026
33807026
33807026
33807026
33807026
33807026
33807026
33807026
33807026
33807026
33807026
33807026
33807026
33807026
33807026
33807026
33807026
33807026
33807026
33807026
33807026
33807026
33807026
33807026
33807026
33807026
33807026
33807026
33807026
33807026
33807026
33807026
33807026
33807026
33807026
33807026
33807026
33807026
33807026
33807026
33807026
33807026
33807026
33807026
33807026
33807026
33807026
33807026
33807026
33807026
33807026
33807026
33807026
33807026
33807026
33807026
33807026
33807026
33807026
33807026
33807026
33807026
33807026
33807026
33807026
33807026
33807026
33807026
33807026
33807026
33807026
33807026
33807026
33807026
33807026
33807026
33807026
33807026
33807026
33807026
33807026
33807026
33807026
33807026
33807026
33807026
33807026
33807026
33807026
33807026
33807026
33807026
33807026
33807118
33807118
33807118
33807118
33807118
33807118
33807118
33807118
33807118
33807118
33807118
33807118
33807118
33807118
33807118
33807118
33807118
33807118
33807118
33807118
33807118
33807118
33807118
33807118
33807118
33807118
33807118
33807118
33807118
33807118
33807118
33807118
33807118
33807118
33807118
33807118
33807118
33807118
33807118
33807118
33807118
33807118
33807118
33807118
33807118
33807118
33807118
33807118
33807118
33807118
33807118
33807118
33807118
33807118
33807118
33807118
33807118
33807118
33807118
33807118
33807118
33807118
33807118
33807118
33807118
33807118
33807118
33807118
33807118
33807118
33807118
33807118
33807118
33807118
33807118
33807118
33807118
33807118
33807118
33807118
33807118
33807118
33807118
33807118
33807118
33807118
33807118
33807118
33807118
33807118
33807118
33807118
33807118
33807118
33807118
33807118
33807118
33807118
33807118
33807118
33807118
33807118
33807118
33807118
33807118
33807118
33807118
33807118
33807118
33807118
33807118
33807118
33807118
33807118
33807118
33807118
33807118
33807118
33807118
33807118
33807118
33807118
33807118
33807118
33807118
33807118
33807118
33807118
33807118
33807118
33807118
33807118
33807118
33807221
33807221
33807221
33807221
33807221
33807221
33807221
33807221
33807221
33807221
33807221
33807221
33807221
33807221
33807221
33807221
33807221
33807221
33807221
33807221
33807221
33807221
33807221
33807221
33807221
33807221
33807221
33807221
33807221
33807221
33807221
33807221
33807221
33807221
33807221
33807221
33807221
33807221
33807221
33807221
33807221
33807221
33807221
33807221
33807221
33807221
33807221
33807221
33807221
33807221
33807221
33807221
33807221
33807221
33807221
33807221
33807221
33807221
33807221
33807221
33807221
33807221
33807221
33807221
33807221
33807221
33807221
33807221
33807221
33807221
33807221
33807221
33807221
33807221
33807221
33807221
33807221
33807221
33807221
33807221
33807221
33807221
33807221
84415741
84415741
84415741
84415741
84415741
84415741
84415741
84415741
84415741
84415741
84415741
84415741
84415741
84415741
84415741
84415741
84415741
84415741
84415741
84415741
84415741
84415741
84415741
84415741
84415741
84415741
84415741
84415741
84415741
84415741
84415741
84415741
84415741
84415741
84415741
84415741
84415741
84415741
84415741
84415741
84415741
84415741
84415741
84415741
84415741
84415741
84415741
84415741
84415741
84415741
84415741
84415741
84415741
84415741
84415741
84415741
84415741
84415741
84415741
84415741
84415741
84415741
84415741
84415741
84415741
84415741
84415741
84415741
84415741
84415741
84415741
84415741
84415741
84415741
84415741
84415741
84415741
84415741
84415741
84415741
84415741
84415741
84415741
84415741
84415741
84415741
84415741
84415741
84415741
84415741
84415741
84415741
84415741
84415741
84415741
84415741
84415741
84415741
84415741
84415741
84415741
84415741
84415741
84415741
84415741
84415741
84415741
84415741
84415741
84415741
84415741
84415741
84415741
84415741
84415741
84415741
84415741
84415741
84415741
84415741
84415741
84415741
84415741
84415741
84415741
84415741
84415741
84415741
84415741
84415741
84415741
84415741
84415741
84415741
84415741
84415741
84415741
84415741
84415741
84415741
84415741
84415741
84415741
84415741
84415741
84415741
84415741
84415741
84415741
84415741
84415741
84415741
84415741
84415741
84415741
84415741
84415741
84415741
84415741
84415741
84415741
84415741
84415741
84415741
84415741
84415741
84415741
84415741
84415741
84415741
84415741
84415741
84415741
84415741
84415741
84415741
84415741
84415741
84415741
84415741
84415741
84415741
84415741
84415741
84415741
84415741
84415741
84415741
84415741
84415741
84415741
84415741
84415741
84415741
84415741
84415741
84415741
84415741
84415741
84415741
84415741
84415741
84415741
84415741
84415741
84415741
84415741
84415741
84415741
84415741
84415741
84415741
84415741
84415741
84415741
84415741
84415741
84415741
84415741
84415741
84415741
84415741
84415741
84415741
84415741
84415741
84415741
84415741
84415741
84415741
84415741
84415741
84415741
84415741
84415741
84415741
84415741
84415741
84415741
84415741
84415741
84415741
84415741
84415741
84415741
84415741
84415741
84415741
84415741
84415741
84415741
84415741
84415741
84415741
84415741
84415741
84415741
84415741
84415741
84415741
84415741
84415741
84415741
84415741
84415741
84415741
84415741
84415741
84415741
84415741
84415741
84415741
84415741
84415741
84415741
84415741
84415741
84415741
84415741
84415741
84415741
84415741
84415741
84415741
84415741
84415741
84415741
84415741
84415741
84415741
84415741
84415741
84415741
84415741
84415741
84415741
84415868
84415868
84415868
84415868
84415868
84415868
84415868
84415868
84415868
84415868
84415868
84415868
84415868
84415868
84415868
84415868
84415868
84415868
84415868
84415868
84415868
84415868
84415868
84415868
84415868
84415868
84415868
84415868
84415868
84415868
84415868
84415868
84415868
84415868
84415868
84415868
84415868
84415868
84415868
84415868
84415868
84415868
84415868
84415868
84415868
84415868
84415868
84415868
84415868
84415868
84415868
84415868
84415868
84415868
84415868
84415868
84415868
84415868
84415868
84415868
84415868
84415868
84415868
84415868
84415868
84415868
84415868
84415868
84415868
84415868
84415868
84415868
84415868
84415868
84415868
84415868
84415868
84415868
84415868
84415868
84415868
84415868
84415868
84415868
84415868
84415868
84415868
84415868
84415868
84415868
84415868
84415868
84415868
84415868
84415868
84415868
84415868
84415868
84415868
84415868
84415868
84415868
84415868
84415868
84415868
84415868
84415868
84415868
84415868
84415868
84415868
84415868
84415868
84415868
84415868
84415868
84415868
84415868
84415868
84415868
84415868
84415868
84415868
84415868
84415868
84415868
84415868
84415868
84415868
84415868
84415868
84415868
84415868
84416000
84416000
84416000
84416000
84416000
84416000
84416000
84416000
84416000
84416000
84416000
84416000
84416000
84416000
84416000
84416000
84416000
84416000
84416000
84416000
84416000
84416000
84416000
84416000
84416000
84416000
84416000
84416000
84416000
84416000
84416000
84416000
84416000
84416000
84416000
84416000
84416000
84416000
84416000
84416000
84416000
84416000
84416000
84416000
84416000
84416000
84416000
84416000
84416000
84416000
84416000
84416000
84416000
84416000
84416000
84416000
84416000
84416000
84416000
84416000
84416000
84416000
84416000
84416000
84416000
84416000
84416000
84416000
84416000
84416000
84416000
84416000
84416000
84416000
84416000
84416000
84416000
84416000
84416000
84416000
84416000
84416000
84416000
54599998
54599998
54599998
54599998
54599998
54599998
54599998
54599998
54599998
54599998
54599998
54599998
54599998
54599998
54599998
54599998
54599998
54599998
54599998
54599998
54599998
54599998
54599998
54599998
54599998
54599998
54599998
54599998
54599998
54599998
54599998
54599998
54599998
54599998
54599998
54599998
54599998
54599998
54599998
54599998
54599998
54599998
54599998
54599998
54599998
54599998
54599998
54599998
54599998
54599998
54599998
54599998
54599998
54599998
54599998
54599998
54599998
54599998
54599998
54599998
54599998
54599998
54599998
54599998
54599998
54599998
54599998
54599998
54599998
54599998
54599998
54599998
54599998
54599998
54599998
54599998
54599998
54599998
54599998
54599998
54599998
54599998
54599998
54599998
54599998
54599998
54599998
54599998
54599998
54599998
54599998
54599998
54599998
54599998
54599998
54599998
54599998
54599998
54599998
54599998
54599998
54599998
54599998
54599998
54599998
54599998
54599998
54599998
54599998
54599998
54599998
54599998
54599998
54599998
54599998
54599998
54599998
54599998
54599998
54599998
54599998
54599998
54599998
54599998
54599998
54599998
54599998
54599998
54599998
54599998
54599998
54599998
54599998
54599998
54599998
54599998
54599998
54599998
54599998
54599998
54599998
54599998
54599998
54599998
54599998
54599998
54599998
54599998
54599998
54599998
54599998
54599998
54599998
54599998
54599998
54599998
54599998
54599998
54599998
54599998
54599998
54599998
54599998
54599998
54599998
54599998
54599998
54599998
54599998
54599998
54599998
54599998
54599998
54599998
54599998
54599998
54599998
54599998
54599998
54599998
54599998
54599998
54599998
54599998
54599998
54599998
54599998
54599998
54599998
54599998
54599998
54599998
54599998
54599998
54599998
54599998
54599998
54599998
54599998
54599998
54599998
54599998
54599998
54599998
54599998
54599998
54599998
54599998
54599998
54599998
54599998
54599998
54599998
54599998
54599998
54599998
54599998
54599998
54599998
54599998
54599998
54599998
54599998
54599998
54599998
54599998
54599998
54599998
54599998
54599998
54599998
54599998
54599998
54599998
54599998
54599998
54599998
54599998
54599998
54599998
54599998
54599998
54599998
54599998
54599998
54599998
54599998
54599998
54599998
54599998
54599998
54599998
54599998
54599998
54599998
54599998
54599998
54599998
54599998
54599998
54599998
54599998
54599998
54599998
54599998
54599998
54599998
54599998
54599998
54599998
54599998
54599998
54599998
54599998
54599998
54599998
54599998
54599998
54599998
54599998
54599998
54599998
54599998
54599998
54599998
54599998
54599998
54599998
54599998
54599998
54599998
54599998
54599998
54599998
54599998
54599998
57099998
57099998
57099998
57099998
57099998
57099998
57099998
57099998
57099998
57099998
57099998
57099998
57099998
57099998
57099998
57099998
57099998
57099998
57099998
57099998
57099998
57099998
57099998
57099998
57099998
57099998
57099998
57099998
57099998
57099998
57099998
57099998
57099998
57099998
57099998
57099998
57099998
57099998
57099998
57099998
57099998
57099998
57099998
57099998
57099998
57099998
57099998
57099998
57099998
57099998
57099998
57099998
57099998
57099998
57099998
57099998
57099998
57099998
57099998
57099998
57099998
57099998
57099998
57099998
57099998
57099998
57099998
57099998
57099998
57099998
57099998
57099998
57099998
57099998
57099998
57099998
57099998
57099998
57099998
57099998
57099998
57099998
57099998
57099998
57099998
57099998
57099998
57099998
57099998
57099998
57099998
57099998
57099998
57099998
57099998
57099998
57099998
57099998
57099998
57099998
57099998
57099998
57099998
57099998
57099998
57099998
57099998
57099998
57099998
57099998
57099998
57099998
57099998
57099998
57099998
57099998
57099998
57099998
57099998
57099998
57099998
57099998
57099998
57099998
57099998
57099998
57099998
57099998
57099998
57099998
57099998
57099998
57099998
57099998
57099998
57099998
57099998
57099998
57099998
57099998
57099998
57099998
57099998
57099998
57099998
57099998
57099998
57099998
57099998
57099998
57099998
57099998
57099998
57099998
57099998
57099998
57099998
57099998
57099998
57099998
57099998
57099998
57099998
57099998
57099998
57099998
57099998
57099998
57099998
57099998
57099998
57099998
57099998
57099998
57099998
57099998
57099998
57099998
57099998
57099998
57099998
57099998
57099998
57099998
57099998
57099998
57099998
57099998
57099998
57099998
57099998
57099998
57099998
57099998
57099998
57099998
57099998
57099998
57099998
57099998
57099998
57099998
57099998
57099998
57099998
57099998
57099998
57099998
57099998
57099998
57099998
57099998
57099998
57099998
57099998
57099998
273000000
273000000
273000000
273000000
273000000
273000000
273000000
273000000
273000000
273000000
273000000
273000000
273000000
273000000
273000000
273000000
273000000
273000000
273000000
273000000
273000000
273000000
273000000
273000000
273000000
273000000
273000000
273000000
273000000
273000000
273000000
273000000
273000000
273000000
273000000
273000000
273000000
273000000
273000000
273000000
273000000
273000000
273000000
273000000
273000000
273000000
273000000
273000000
273000000
273000000
273000000
273000000
273000000
273000000
273000000
273000000
273000000
273000000
273000000
273000000
273000000
273000000
273000000
273000000
273000000
273000000
273000000
273000000
273000000
273000000
273000000
273000000
273000000
273000000
273000000
273000000
273000000
273000000
273000000
273000000
273000000
273000000
273000000
273000000
273000000
273000000
273000000
273000000
273000000
273000000
273000000
273000000
273000000
273000000
273000000
273000000
273000000
273000000
273000000
273000000
273000000
273000000
273000000
273000000
273000000
273000000
273000000
273000000
273000000
273000000
273000000
273000000
273000000
273000000
273000000
273000000
273000000
273000000
273000000
273000000
273000000
273000000
273000000
273000000
273000000
273000000
273000000
273000000
273000000
273000000
273000000
273000000
273000000
273000000
273000000
273000000
273000000
273000000
273000000
273000000
273000000
273000000
273000000
273000000
273000000
273000000
273000000
273000000
273000000
273000000
273000000
273000000
273000000
273000000
273000000
273000000
273000000
273000000
273000000
273000000
273000000
273000000
273000000
273000000
273000000
273000000
273000000
273000000
273000000
273000000
273000000
273000000
273000000
273000000
273000000
273000000
273000000
273000000
273000000
273000000
273000000
273000000
273000000
273000000
273000000
273000000
273000000
273000000
273000000
273000000
273000000
273000000
273000000
273000000
273000000
273000000
273000000
273000000
273000000
273000000
273000000
273000000
273000000
273000000
273000000
273000000
273000000
273000000
273000000
273000000
273000000
273000000
273000000
273000000
273000000
273000000
273000000
273000000
273000000
273000000
273000000
273000000
273000000
273000000
273000000
273000000
273000000
273000000
273000000
273000000
273000000
273000000
273000000
273000000
273000000
273000000
273000000
273000000
273000000
273000000
273000000
273000000
273000000
273000000
273000000
273000000
273000000
273000000
273000000
273000000
273000000
273000000
273000000
273000000
273000000
273000000
273000000
273000000
273000000
273000000
273000000
273000000
273000000
273000000
273000000
273000000
273000000
273000000
273000000
273000000
273000000
273000000
273000000
273000000
273000000
273000000
273000000
273000000
273000000
273000000
273000000
273000000
273000000
273000000
273000000
273000000
273000000
273000000
273000000
273000000
273000000
273000000
273000000
273000000
273000000
273000000
272100006
272100006
272100006
272100006
272100006
272100006
272100006
272100006
272100006
272100006
272100006
272100006
272100006
272100006
272100006
272100006
272100006
272100006
272100006
272100006
272100006
272100006
272100006
272100006
272100006
272100006
272100006
272100006
272100006
272100006
272100006
272100006
272100006
272100006
272100006
272100006
272100006
272100006
272100006
272100006
272100006
272100006
272100006
272100006
272100006
272100006
272100006
272100006
272100006
272100006
272100006
272100006
272100006
272100006
272100006
272100006
272100006
272100006
272100006
272100006
272100006
272100006
272100006
272100006
272100006
272100006
272100006
272100006
272100006
272100006
272100006
272100006
272100006
272100006
272100006
272100006
272100006
272100006
272100006
272100006
272100006
272100006
272100006
272100006
272100006
272100006
272100006
272100006
272100006
272100006
272100006
272100006
272100006
272100006
272100006
272100006
272100006
272100006
272100006
272100006
272100006
272100006
272100006
272100006
272100006
272100006
272100006
272100006
272100006
272100006
272100006
272100006
272100006
272100006
272100006
272100006
272100006
272100006
272100006
272100006
272100006
272100006
272100006
272100006
272100006
272100006
272100006
272100006
272100006
272100006
272100006
272100006
272100006
272100006
272100006
272100006
272100006
272100006
272100006
272100006
272100006
272100006
272100006
272100006
272100006
272100006
272100006
272100006
272100006
272100006
272100006
272100006
272100006
272100006
272100006
272100006
272100006
272100006
272100006
272100006
272100006
272100006
272100006
272100006
272100006
272100006
272100006
272100006
272100006
272100006
272100006
272100006
272100006
272100006
272100006
272100006
272100006
272100006
272100006
272100006
272100006
272100006
272100006
272100006
272100006
272100006
272100006
272100006
272100006
272100006
272100006
272100006
272100006
272100006
272100006
272100006
272100006
272100006
272100006
272100006
272100006
272100006
272100006
272100006
272100006
272100006
272100006
272100006
272100006
272100006
272100006
272100006
272100006
272100006
272100006
272100006
33832499
33832499
33832499
33832499
33832499
33832499
33832499
33832499
33832499
33832499
33832499
33832499
33832499
33832499
33832499
33832499
33832499
33832499
33832499
33832499
33832499
33832499
33832499
33832499
33832499
33832499
33832499
33832499
33832499
33832499
33832499
33832499
33832499
33832499
33832499
33832499
33832499
33832499
33832499
33832499
33832499
33832499
33832499
33832499
33832499
33832499
33832499
33832499
33832499
33832499
33832499
33832499
33832499
33832499
33832499
33832499
33832499
33832499
33832499
33832499
33832499
33832499
33832499
33832499
33832499
33832499
33832499
33832499
33832499
33832499
33832499
33832499
33832499
33832499
33832499
33832499
33832499
33832499
33832499
33832499
33832499
33832499
33832499
33832499
33832499
33832499
33832499
33832499
33832499
33832499
33832499
33832499
33832499
33832499
33832499
33832499
33832499
33832499
33832499
33832499
33832499
33832499
33832499
33832499
33832499
33832499
33832499
33832499
33832499
33832499
33832499
33832499
33832499
33832499
33832499
33832499
33832499
33832499
33832499
33832499
33832499
33832499
33832499
33832499
33832499
33832499
33832499
33832499
33832499
33832499
33832499
33832499
33832499
33832499
33832499
33832499
33832499
33832499
33832499
33832499
33832499
33832499
33832499
33832499
33832499
33832499
33832499
33832499
33832499
33832499
33832499
33832499
33832499
33832499
33832499
33832499
33832499
33832499
33832499
33832499
33832499
33832499
33832499
33832499
33832499
33832499
33832499
33832499
33832499
33832499
33832499
33832499
33832499
33832499
33832499
33832499
33832499
33832499
33832499
33832499
33832499
33832499
33832499
33832499
33832499
33832499
33832499
33832499
33832499
33832499
33832499
33832499
33832499
33832499
33832499
33832499
33832499
33832499
33832499
33832499
33832499
33832499
33832499
33832499
33832499
33832499
33832499
33832499
33832499
33832499
33832499
33832499
33832499
33832499
33832499
33832499
33832499
33832499
33832499
33832499
33832499
33832499
33832499
33832499
33832499
33832499
33832499
33832499
33832499
33832499
33832499
33832499
33832499
33832499
33832499
33832499
33832499
33832499
33832499
33832499
33832499
33832499
33832499
33832499
33832499
33832499
33832499
33832499
33832499
33832499
33832499
33832499
33832499
33832499
33832499
33832499
33832499
33832499
33832499
33832499
33832499
33832499
33832499
33832499
33832499
33832499
33832499
33832499
33832499
33832499
33832499
33832499
33832499
33832499
33832499
33832499
33832499
33832499
33832499
33832499
33832499
33832499
33832499
33832499
33832499
33832499
33832499
33832499
33832499
33832499
33832499
33832499
33832499
33832499
33832499
33832499
33832407
33832407
33832407
33832407
33832407
33832407
33832407
33832407
33832407
33832407
33832407
33832407
33832407
33832407
33832407
33832407
33832407
33832407
33832407
33832407
33832407
33832407
33832407
33832407
33832407
33832407
33832407
33832407
33832407
33832407
33832407
33832407
33832407
33832407
33832407
33832407
33832407
33832407
33832407
33832407
33832407
33832407
33832407
33832407
33832407
33832407
33832407
33832407
33832407
33832407
33832407
33832407
33832407
33832407
33832407
33832407
33832407
33832407
33832407
33832407
33832407
33832407
33832407
33832407
33832407
33832407
33832407
33832407
33832407
33832407
33832407
33832407
33832407
33832407
33832407
33832407
33832407
33832407
33832407
33832407
33832407
33832407
33832407
33832407
33832407
33832407
33832407
33832407
33832407
33832407
33832407
33832407
33832407
33832407
33832407
33832407
33832407
33832407
33832407
33832407
33832407
33832407
33832407
33832407
33832407
33832407
33832407
33832407
33832407
33832407
33832407
33832407
33832407
33832407
33832407
33832407
33832407
33832407
33832407
33832407
33832407
33832407
33832407
33832407
33832407
33832407
33832407
33832407
33832407
33832407
33832407
33832407
33832407
33832308
33832308
33832308
33832308
33832308
33832308
33832308
33832308
33832308
33832308
33832308
33832308
33832308
33832308
33832308
33832308
33832308
33832308
33832308
33832308
33832308
33832308
33832308
33832308
33832308
33832308
33832308
33832308
33832308
33832308
33832308
33832308
33832308
33832308
33832308
33832308
33832308
33832308
33832308
33832308
33832308
33832308
33832308
33832308
33832308
33832308
33832308
33832308
33832308
33832308
33832308
33832308
33832308
33832308
33832308
33832308
33832308
33832308
33832308
33832308
33832308
33832308
33832308
33832308
33832308
33832308
33832308
33832308
33832308
33832308
33832308
33832308
33832308
33832308
33832308
33832308
33832308
33832308
33832308
33832308
33832308
33832308
33832308
84425799
84425799
84425799
84425799
84425799
84425799
84425799
84425799
84425799
84425799
84425799
84425799
84425799
84425799
84425799
84425799
84425799
84425799
84425799
84425799
84425799
84425799
84425799
84425799
84425799
84425799
84425799
84425799
84425799
84425799
84425799
84425799
84425799
84425799
84425799
84425799
84425799
84425799
84425799
84425799
84425799
84425799
84425799
84425799
84425799
84425799
84425799
84425799
84425799
84425799
84425799
84425799
84425799
84425799
84425799
84425799
84425799
84425799
84425799
84425799
84425799
84425799
84425799
84425799
84425799
84425799
84425799
84425799
84425799
84425799
84425799
84425799
84425799
84425799
84425799
84425799
84425799
84425799
84425799
84425799
84425799
84425799
84425799
84425799
84425799
84425799
84425799
84425799
84425799
84425799
84425799
84425799
84425799
84425799
84425799
84425799
84425799
84425799
84425799
84425799
84425799
84425799
84425799
84425799
84425799
84425799
84425799
84425799
84425799
84425799
84425799
84425799
84425799
84425799
84425799
84425799
84425799
84425799
84425799
84425799
84425799
84425799
84425799
84425799
84425799
84425799
84425799
84425799
84425799
84425799
84425799
84425799
84425799
84425799
84425799
84425799
84425799
84425799
84425799
84425799
84425799
84425799
84425799
84425799
84425799
84425799
84425799
84425799
84425799
84425799
84425799
84425799
84425799
84425799
84425799
84425799
84425799
84425799
84425799
84425799
84425799
84425799
84425799
84425799
84425799
84425799
84425799
84425799
84425799
84425799
84425799
84425799
84425799
84425799
84425799
84425799
84425799
84425799
84425799
84425799
84425799
84425799
84425799
84425799
84425799
84425799
84425799
84425799
84425799
84425799
84425799
84425799
84425799
84425799
84425799
84425799
84425799
84425799
84425799
84425799
84425799
84425799
84425799
84425799
84425799
84425799
84425799
84425799
84425799
84425799
84425799
84425799
84425799
84425799
84425799
84425799
84425799
84425799
84425799
84425799
84425799
84425799
84425799
84425799
84425799
84425799
84425799
84425799
84425799
84425799
84425799
84425799
84425799
84425799
84425799
84425799
84425799
84425799
84425799
84425799
84425799
84425799
84425799
84425799
84425799
84425799
84425799
84425799
84425799
84425799
84425799
84425799
84425799
84425799
84425799
84425799
84425799
84425799
84425799
84425799
84425799
84425799
84425799
84425799
84425799
84425799
84425799
84425799
84425799
84425799
84425799
84425799
84425799
84425799
84425799
84425799
84425799
84425799
84425799
84425799
84425799
84425799
84425799
84425799
84425799
84425799
84425799
84425799
84425799
84425799
84425799
84425799
84425799
84425799
84425799
84425799
84425890
84425890
84425890
84425890
84425890
84425890
84425890
84425890
84425890
84425890
84425890
84425890
84425890
84425890
84425890
84425890
84425890
84425890
84425890
84425890
84425890
84425890
84425890
84425890
84425890
84425890
84425890
84425890
84425890
84425890
84425890
84425890
84425890
84425890
84425890
84425890
84425890
84425890
84425890
84425890
84425890
84425890
84425890
84425890
84425890
84425890
84425890
84425890
84425890
84425890
84425890
84425890
84425890
84425890
84425890
84425890
84425890
84425890
84425890
84425890
84425890
84425890
84425890
84425890
84425890
84425890
84425890
84425890
84425890
84425890
84425890
84425890
84425890
84425890
84425890
84425890
84425890
84425890
84425890
84425890
84425890
84425890
84425890
84425890
84425890
84425890
84425890
84425890
84425890
84425890
84425890
84425890
84425890
84425890
84425890
84425890
84425890
84425890
84425890
84425890
84425890
84425890
84425890
84425890
84425890
84425890
84425890
84425890
84425890
84425890
84425890
84425890
84425890
84425890
84425890
84425890
84425890
84425890
84425890
84425890
84425890
84425890
84425890
84425890
84425890
84425890
84425890
84425890
84425890
84425890
84425890
84425890
84425890
84425978
84425978
84425978
84425978
84425978
84425978
84425978
84425978
84425978
84425978
84425978
84425978
84425978
84425978
84425978
84425978
84425978
84425978
84425978
84425978
84425978
84425978
84425978
84425978
84425978
84425978
84425978
84425978
84425978
84425978
84425978
84425978
84425978
84425978
84425978
84425978
84425978
84425978
84425978
84425978
84425978
84425978
84425978
84425978
84425978
84425978
84425978
84425978
84425978
84425978
84425978
84425978
84425978
84425978
84425978
84425978
84425978
84425978
84425978
84425978
84425978
84425978
84425978
84425978
84425978
84425978
84425978
84425978
84425978
84425978
84425978
84425978
84425978
84425978
84425978
84425978
84425978
84425978
84425978
84425978
84425978
84425978
84425978
44700001
44700001
44700001
44700001
44700001
44700001
44700001
44700001
44700001
44700001
44700001
44700001
44700001
44700001
44700001
44700001
44700001
44700001
44700001
44700001
44700001
44700001
44700001
44700001
44700001
44700001
44700001
44700001
44700001
44700001
44700001
44700001
44700001
44700001
44700001
44700001
44700001
44700001
44700001
44700001
44700001
44700001
44700001
44700001
44700001
44700001
44700001
44700001
44700001
44700001
44700001
44700001
44700001
44700001
44700001
44700001
44700001
44700001
44700001
44700001
44700001
44700001
44700001
44700001
44700001
44700001
44700001
44700001
44700001
44700001
44700001
44700001
44700001
44700001
44700001
44700001
44700001
44700001
44700001
44700001
44700001
44700001
44700001
44700001
44700001
44700001
44700001
44700001
44700001
44700001
44700001
44700001
44700001
44700001
44700001
44700001
44700001
44700001
44700001
44700001
44700001
44700001
44700001
44700001
44700001
44700001
44700001
44700001
44700001
44700001
44700001
44700001
44700001
44700001
44700001
44700001
44700001
44700001
44700001
44700001
44700001
44700001
44700001
44700001
44700001
44700001
44700001
44700001
44700001
44700001
44700001
44700001
44700001
44700001
44700001
44700001
44700001
44700001
44700001
44700001
44700001
44700001
44700001
44700001
44700001
44700001
44700001
44700001
44700001
44700001
44700001
44700001
44700001
44700001
44700001
44700001
44700001
44700001
44700001
44700001
44700001
44700001
44700001
44700001
44700001
44700001
44700001
44700001
44700001
44700001
44700001
44700001
44700001
44700001
44700001
44700001
44700001
44700001
44700001
44700001
44700001
44700001
44700001
44700001
44700001
44700001
44700001
44700001
44700001
44700001
44700001
44700001
44700001
44700001
44700001
44700001
44700001
44700001
44700001
44700001
44700001
44700001
44700001
44700001
44700001
44700001
44700001
44700001
44700001
44700001
44700001
44700001
44700001
44700001
44700001
44700001
44700001
44700001
44700001
44700001
44700001
44700001
44700001
44700001
44700001
44700001
44700001
44700001
44700001
44700001
44700001
44700001
44700001
44700001
44700001
44700001
44700001
44700001
44700001
44700001
44700001
44700001
44700001
44700001
44700001
44700001
44700001
44700001
44700001
44700001
44700001
44700001
44700001
44700001
44700001
44700001
44700001
44700001
44700001
44700001
44700001
44700001
44700001
44700001
44700001
44700001
44700001
44700001
44700001
44700001
44700001
44700001
44700001
44700001
44700001
44700001
44700001
44700001
44700001
44700001
44700001
44700001
44700001
44700001
44700001
44700001
44700001
44700001
44700001
44700001
44700001
44700001
44700001
44700001
44700001
44700001
46099998
46099998
46099998
46099998
46099998
46099998
46099998
46099998
46099998
46099998
46099998
46099998
46099998
46099998
46099998
46099998
46099998
46099998
46099998
46099998
46099998
46099998
46099998
46099998
46099998
46099998
46099998
46099998
46099998
46099998
46099998
46099998
46099998
46099998
46099998
46099998
46099998
46099998
46099998
46099998
46099998
46099998
46099998
46099998
46099998
46099998
46099998
46099998
46099998
46099998
46099998
46099998
46099998
46099998
46099998
46099998
46099998
46099998
46099998
46099998
46099998
46099998
46099998
46099998
46099998
46099998
46099998
46099998
46099998
46099998
46099998
46099998
46099998
46099998
46099998
46099998
46099998
46099998
46099998
46099998
46099998
46099998
46099998
46099998
46099998
46099998
46099998
46099998
46099998
46099998
46099998
46099998
46099998
46099998
46099998
46099998
46099998
46099998
46099998
46099998
46099998
46099998
46099998
46099998
46099998
46099998
46099998
46099998
46099998
46099998
46099998
46099998
46099998
46099998
46099998
46099998
46099998
46099998
46099998
46099998
46099998
46099998
46099998
46099998
46099998
46099998
46099998
46099998
46099998
46099998
46099998
46099998
46099998
46099998
46099998
46099998
46099998
46099998
46099998
46099998
46099998
46099998
46099998
46099998
46099998
46099998
46099998
46099998
46099998
46099998
46099998
46099998
46099998
46099998
46099998
46099998
46099998
46099998
46099998
46099998
46099998
46099998
46099998
46099998
46099998
46099998
46099998
46099998
46099998
46099998
46099998
46099998
46099998
46099998
46099998
46099998
46099998
46099998
46099998
46099998
46099998
46099998
46099998
46099998
46099998
46099998
46099998
46099998
46099998
46099998
46099998
46099998
46099998
46099998
46099998
46099998
46099998
46099998
46099998
46099998
46099998
46099998
46099998
46099998
46099998
46099998
46099998
46099998
46099998
46099998
46099998
46099998
46099998
46099998
46099998
46099998
281600006
281600006
281600006
281600006
281600006
281600006
281600006
281600006
281600006
281600006
281600006
281600006
281600006
281600006
281600006
281600006
281600006
281600006
281600006
281600006
281600006
281600006
281600006
281600006
281600006
281600006
281600006
281600006
281600006
281600006
281600006
281600006
281600006
281600006
281600006
281600006
281600006
281600006
281600006
281600006
281600006
281600006
281600006
281600006
281600006
281600006
281600006
281600006
281600006
281600006
281600006
281600006
281600006
281600006
281600006
281600006
281600006
281600006
281600006
281600006
281600006
281600006
281600006
281600006
281600006
281600006
281600006
281600006
281600006
281600006
281600006
281600006
281600006
281600006
281600006
281600006
281600006
281600006
281600006
281600006
281600006
281600006
281600006
281600006
281600006
281600006
281600006
281600006
281600006
281600006
281600006
281600006
281600006
281600006
281600006
281600006
281600006
281600006
281600006
281600006
281600006
281600006
281600006
281600006
281600006
281600006
281600006
281600006
281600006
281600006
281600006
281600006
281600006
281600006
281600006
281600006
281600006
281600006
281600006
281600006
281600006
281600006
281600006
281600006
281600006
281600006
281600006
281600006
281600006
281600006
281600006
281600006
281600006
281600006
281600006
281600006
281600006
281600006
281600006
281600006
281600006
281600006
281600006
281600006
281600006
281600006
281600006
281600006
281600006
281600006
281600006
281600006
281600006
281600006
281600006
281600006
281600006
281600006
281600006
281600006
281600006
281600006
281600006
281600006
281600006
281600006
281600006
281600006
281600006
281600006
281600006
281600006
281600006
281600006
281600006
281600006
281600006
281600006
281600006
281600006
281600006
281600006
281600006
281600006
281600006
281600006
281600006
281600006
281600006
281600006
281600006
281600006
281600006
281600006
281600006
281600006
281600006
281600006
281600006
281600006
281600006
281600006
281600006
281600006
281600006
281600006
281600006
281600006
281600006
281600006
281600006
281600006
281600006
281600006
281600006
281600006
281600006
281600006
281600006
281600006
281600006
281600006
281600006
281600006
281600006
281600006
281600006
281600006
281600006
281600006
281600006
281600006
281600006
281600006
281600006
281600006
281600006
281600006
281600006
281600006
281600006
281600006
281600006
281600006
281600006
281600006
281600006
281600006
281600006
281600006
281600006
281600006
281600006
281600006
281600006
281600006
281600006
281600006
281600006
281600006
281600006
281600006
281600006
281600006
281600006
281600006
281600006
281600006
281600006
281600006
281600006
281600006
281600006
281600006
281600006
281600006
281600006
281600006
281600006
281600006
281600006
281600006
281600006
281600006
281600006
281600006
281600006
281600006
281600006
281600006
281600006
281600006
281600006
281600006
281600006
281600006
281399994
281399994
281399994
281399994
281399994
281399994
281399994
281399994
281399994
281399994
281399994
281399994
281399994
281399994
281399994
281399994
281399994
281399994
281399994
281399994
281399994
281399994
281399994
281399994
281399994
281399994
281399994
281399994
281399994
281399994
281399994
281399994
281399994
281399994
281399994
281399994
281399994
281399994
281399994
281399994
281399994
281399994
281399994
281399994
281399994
281399994
281399994
281399994
281399994
281399994
281399994
281399994
281399994
281399994
281399994
281399994
281399994
281399994
281399994
281399994
281399994
281399994
281399994
281399994
281399994
281399994
281399994
281399994
281399994
281399994
281399994
281399994
281399994
281399994
281399994
281399994
281399994
281399994
281399994
281399994
281399994
281399994
281399994
281399994
281399994
281399994
281399994
281399994
281399994
281399994
281399994
281399994
281399994
281399994
281399994
281399994
281399994
281399994
281399994
281399994
281399994
281399994
281399994
281399994
281399994
281399994
281399994
281399994
281399994
281399994
281399994
281399994
281399994
281399994
281399994
281399994
281399994
281399994
281399994
281399994
281399994
281399994
281399994
281399994
281399994
281399994
281399994
281399994
281399994
281399994
281399994
281399994
281399994
281399994
281399994
281399994
281399994
281399994
281399994
281399994
281399994
281399994
281399994
281399994
281399994
281399994
281399994
281399994
281399994
281399994
281399994
281399994
281399994
281399994
281399994
281399994
281399994
281399994
281399994
281399994
281399994
281399994
281399994
281399994
281399994
281399994
281399994
281399994
281399994
281399994
281399994
281399994
281399994
281399994
281399994
281399994
281399994
281399994
281399994
281399994
281399994
281399994
281399994
281399994
281399994
281399994
281399994
281399994
281399994
281399994
281399994
281399994
281399994
281399994
281399994
281399994
281399994
281399994
281399994
281399994
281399994
281399994
281399994
281399994
281399994
281399994
281399994
281399994
281399994
281399994
281399994
281399994
281399994
281399994
281399994
281399994
