2
27345184
275395
27345184
275395
27345184
275395
27345184
275395
27345184
275395
27345184
275395
27345184
275395
27345184
275395
27345184
275395
27345184
275395
27345184
275395
27345184
275395
27345184
275395
27345184
275395
27345184
275395
27345184
275395
27345184
275395
27345184
275395
27345184
275395
27345184
275395
27345184
275395
27345184
275395
27345184
275395
27345184
275395
27345184
275395
27345184
275395
27345556
276869
27345556
276869
27345556
276869
27345556
276869
27345556
276869
27345556
276869
27345556
276869
27345556
276869
27345184
275395
27345184
275395
27345184
275395
27345184
275395
27345184
275395
27345184
275395
27345184
275395
27345184
275395
27345184
275395
27345184
275395
27345184
275395
27345184
275395
27345184
275395
27345184
275395
27345184
275395
27345184
275395
27345184
275395
27345184
275395
27345184
275395
27345184
275395
27345184
275395
27345184
275395
27345184
275395
27345184
275395
27345184
275395
27345184
275395
27344814
275763
27344814
275763
27344814
275763
27344814
275763
27344814
275763
27344814
275763
27344814
275763
27344814
275763
27344814
275763
27344814
275763
27344814
275763
27344814
275763
27344814
275763
27344814
275763
27344814
275763
27344814
275763
27344814
275763
27344814
275763
27344814
275763
27344814
275763
27344814
275763
27344814
275763
27344814
275763
27344814
275763
27344814
275763
27344814
275763
27344814
275763
27344814
275763
27344814
275763
27344814
275763
27344814
275763
27344814
275763
27344814
275763
27343330
275395
27345184
275763
27345184
275763
27345184
275763
27345184
275763
27345184
275763
27345184
275763
27345184
275763
27345184
275763
27345184
275763
27345184
275763
27345184
275763
27345184
275763
27345184
275763
27345184
275763
27345184
275763
27347040
274657
27347040
274657
27347040
274657
27347040
274657
27345556
275395
27345556
275395
27345556
275395
27345556
275395
27345184
275763
27345184
275763
27345184
275763
27345184
275763
27345184
275763
27345184
275763
27345184
275763
27345184
275763
27345184
275763
27345184
275763
27345184
275763
27345184
275763
27345184
275763
27345184
275763
27345184
275763
27345184
275763
27345184
275763
27345184
275763
27345184
275763
27345184
275763
27345184
275763
27346670
276501
27344071
275026
27344071
275026
27344071
275026
27344071
275026
27344071
275026
27344814
275763
27344814
275763
27344814
275763
27344814
275763
27344814
275763
27344814
275763
27344814
275763
27344814
275763
27344814
275763
27344814
275763
27344814
275763
27344814
275763
27344814
275763
27344814
275763
27344814
275763
27344814
275763
27344814
275763
27344814
275763
27344814
275763
27344814
275763
27344814
275763
27344814
275763
27344814
275763
27344814
275763
27344814
275763
27344814
275763
27344814
275763
27344814
275763
27344814
275763
27344814
275763
27344814
275763
27344814
275763
27344814
275763
27345556
275395
27345556
275395
27345556
275395
27345556
275395
27345556
275395
27345556
275395
27345556
275395
27345556
275395
27345556
275395
27345556
275395
27345556
275395
27345556
275395
27345556
275395
27345556
275395
27345556
275395
27345556
275395
27345556
275395
27345556
275395
27345556
275395
27345556
275395
27345556
275395
27345556
275395
27345556
275395
27345556
275395
27345556
275395
27345556
275395
27345556
275395
27345556
275395
27345556
275395
27345556
275395
27345556
275395
27345556
275395
27345556
275395
27344814
275763
27344814
275763
27344814
275763
27344814
275763
27344814
275763
27344814
275763
27344814
275763
27344814
275763
27344814
275763
27344814
275763
27344814
275763
27344814
275763
27344814
275763
27344814
275763
27344814
275763
27344814
275763
27344814
275763
27344814
275763
27344814
275763
27344814
275763
27344814
275763
27344814
275763
27344814
275763
27344814
275763
27344814
275763
27344814
275763
27344814
275763
27344814
275763
27344814
275763
27344814
275763
27344814
275763
27344814
275763
27344814
275763
27345184
276132
27345184
276132
27345184
276132
27345184
276132
27345184
276132
27345184
276132
27345184
276132
27345184
276132
27345184
276132
27345184
276132
27345184
276132
27345184
276132
27345184
276132
27345184
276132
27345184
276132
27345184
276132
27345184
276132
27345184
276132
27345184
276132
27345184
276132
27345184
276132
27345184
276132
27345184
276132
27345184
276132
27345184
276132
27345184
276132
27345184
276132
27345184
276132
27345184
276132
27345184
276132
27345184
276132
27345184
276132
27345184
276132
27344814
275763
27344814
275763
27344814
275763
27344814
275763
27344814
275763
27344814
275763
27344814
275763
27346670
275763
27344814
275395
27344814
275395
27344814
277607
27344814
277607
27345184
275763
27345184
275763
27345184
275763
27345184
275763
27345184
275763
27345184
275763
27345184
275763
27345184
275763
27345184
275763
27344814
276501
27344814
276501
27344814
276501
27344814
276501
27344814
276501
27344814
276501
27344814
276501
27344814
276501
27344814
276501
27344814
276501
27344814
276501
27344814
276501
27344814
276501
27344814
276501
27344814
276501
27344814
276501
27344814
276501
27344814
276501
27344814
276501
27344814
276501
27344814
276501
27344814
276501
27344814
276501
27344814
276501
27344814
276501
27344814
276501
27344814
276501
27344814
276501
27344814
276501
27344814
276501
27344814
276501
27344814
276501
27344814
276501
27345184
275395
27345184
275395
27345184
275395
27345184
275395
27345184
275395
27345184
275395
27345184
275395
27345184
275395
27345184
275395
27345184
275395
27345184
275395
27345184
275395
27345184
275395
27345184
275395
27345184
275395
27345184
275395
27345184
275395
27345184
275395
27345184
275395
27345184
275395
27345184
275395
27345184
275395
27345184
275395
27345184
275395
27345184
275395
27345184
275395
27345184
275395
27345184
275395
27345184
275395
27345184
275395
27345184
275395
27345184
275395
27345184
275395
27345184
275763
27345184
275763
27345184
275763
27345184
275763
27345184
275763
27345184
275763
27345184
275763
27345184
275763
27345184
275763
27345184
275763
27345184
275763
27345184
275763
27345184
275763
27345184
275763
27345184
275763
27345184
275763
27345184
275763
27345184
275763
27345184
275763
27345184
275763
27345184
275763
27345184
275763
27345184
275763
27345184
275763
27345184
275763
27345184
275763
27345184
275763
27345184
275763
27345184
275763
27345184
275763
27345184
275763
27345184
275763
27345184
275763
27344814
275395
27344814
275395
27344814
275395
27344814
275395
27344814
275395
27344814
275395
27344814
275395
27344814
275395
27344814
275395
27344814
275395
27344814
275395
27344814
275395
27344814
275395
27344814
275395
27344814
275395
27344814
275395
27344814
275395
27344814
275395
27346299
276501
27346299
276501
27346299
276501
27346299
276501
27346299
276501
27346299
276501
27346299
276501
27346299
276501
27346299
276501
27346299
276501
27346299
276501
27346299
276501
27345556
275395
27345556
275395
27345556
275395
27345556
275395
27345556
275395
27345556
275395
27345556
275395
27345556
275395
27345556
275395
27345556
275395
27345556
275395
27345556
275395
27345556
275395
27345556
275395
27345556
275395
27345556
275395
27345556
275395
27345556
275395
27345556
275395
27345556
275395
27345556
275395
27345556
275395
27345556
275395
27345556
275395
27345556
275395
27345556
275395
27345556
275395
27345556
275395
27345556
275395
27345556
275395
27345556
275395
27345556
275395
27345556
275395
27345556
275395
27345556
275395
27345556
275395
27345556
275395
27345556
275395
27345556
275395
27345556
275395
27345556
275395
27345556
275395
27345556
275395
27345556
275395
27345556
275395
27345556
275395
27345556
275395
27345556
275395
27345556
275395
27345556
275395
27345556
275395
27345556
275395
27345556
275395
27345556
275395
27345556
275395
27345556
275395
27345556
275395
27345556
275395
27345556
275395
27345556
275395
27345556
275395
27345556
275395
27345556
275395
27345556
275395
27345556
275395
27345556
275395
27344814
276132
27344814
276132
27344814
276132
27344814
276132
27344814
276132
27344814
276132
27344814
276132
27344814
276132
27344814
276132
27344814
276132
27344814
276132
27344814
276132
27344814
276132
27344814
276132
27344814
276132
27344814
276132
27344814
276132
27344814
276132
27344814
276132
27344814
276132
27344814
276132
27346299
276132
27346299
276132
27346299
276132
27346299
276132
27346299
276132
27346299
276132
27346299
276132
27346299
276132
27346299
276132
27345184
275763
27345184
275763
27345184
275763
27345184
275763
27345184
275763
27345184
275763
27345184
275763
27345184
275763
27345184
275763
27345184
275763
27345184
275763
27345184
275763
27345184
275763
27345184
275763
27345184
275763
27345184
275763
27345184
275763
27345184
275763
27345184
275763
27345184
275763
27345184
275763
27345184
275763
27345184
275763
27345184
275763
27345184
275763
27345184
275763
27345184
275763
27345184
275763
27345184
275763
27345184
275763
27345184
275763
27345184
275763
27345184
275763
27345184
276132
27345184
276132
27345184
276132
27345184
276132
27345184
276132
27345184
276132
27345184
276132
27345184
276132
27345184
276132
27345184
276132
27345184
276132
27345184
276132
27345184
276132
27345184
276132
27345184
276132
27345184
276132
27345184
276132
27345184
276132
27345184
276132
27345184
276132
27345184
276132
27345184
276132
27345184
276132
27345184
276132
27345184
276132
27345184
276132
27345184
276132
27345184
276132
27345184
276132
27345184
276132
27345184
276132
27345184
276132
27345184
276132
27344814
275395
27344814
275395
27344814
275395
27344814
275395
27344814
275395
27344814
275395
27344814
275395
27344814
275395
27344814
275395
27344814
275395
27344814
275395
27344814
275395
27344814
275395
27344814
275395
27344814
275395
27344814
275395
27344814
275395
27344814
275395
27344814
275395
27344814
275395
27344814
275395
27344814
275395
27344814
275395
27344814
275395
27344814
275395
27344814
275395
27344814
275395
27344814
275395
27344814
275395
27344814
275395
27344814
275395
27344814
275395
27344814
275395
27345556
276132
27345556
276132
27345556
276132
27345556
276132
27345556
276132
27345556
276132
27345556
276132
27345556
276132
27345556
276132
27345556
276132
27345556
276132
27345556
276132
27345556
276132
27345556
276132
27345556
276132
27345556
276132
27345556
276132
27345556
276132
27344071
275763
27344071
275763
27344071
275763
27345556
276132
27345556
276132
27345556
276132
27345556
276132
27345556
276132
27345556
276132
27345184
275763
27345184
275763
27345184
275763
27345184
275763
27345184
275763
27345184
275763
27345184
275763
27345184
275763
27345184
275763
27345184
275763
27345184
275763
27345184
275763
27345184
275763
27343701
275763
27343701
275763
27345556
275395
27345556
275395
27345556
275395
27345556
275395
27345556
275395
27345556
275395
27345556
275395
27345556
275395
27345556
275395
27345556
275395
27345556
275395
27347040
274657
27345184
275395
27345184
275395
27345184
275395
27345184
275395
27345184
275395
27345184
275395
27345184
275395
27345184
275395
27345184
275395
27345184
275395
27345184
275395
27345184
275395
27345184
275395
27345184
275395
27343701
276869
27345184
275763
27345184
275763
27345184
275763
27345184
275763
27345184
275763
27345184
275763
27345184
275763
27345184
275763
27345184
276132
27345184
276132
27345184
276132
27345184
276132
27345184
276132
27345184
276132
27345184
276132
27345184
276132
27345184
276132
27345184
276132
27345184
276132
27345184
276132
27345184
276132
27345184
276132
27345184
276132
27345184
276132
27345184
276132
27345184
276132
27345184
276132
27345184
276132
27345184
276132
27345184
276132
27345184
276132
27345184
276132
27345184
276132
27345184
276132
27345184
276132
27345184
276132
27345184
276132
27345184
276132
27345184
276132
27345184
276132
27345184
276132
27345556
275395
27345556
275395
27345556
275395
27345556
275395
27345556
275395
27343330
275026
27345556
275763
27345556
275763
27345556
275763
27345556
275763
27345556
275763
27345556
275763
27345556
275763
27345556
275763
27345556
275763
27345556
275763
27345556
275763
27345556
275763
27345556
275763
27345556
275763
27345556
275763
27345556
275763
27345556
275763
27345556
275763
27345556
275763
27345556
275763
27345556
275763
27344814
275395
27344814
275395
27344814
275395
27344814
275395
27344814
275395
27344814
275395
27344814
275395
27344814
275395
27344814
275395
27344814
275395
27344814
275395
27344814
275395
27344814
275395
27344814
275395
27344814
275395
27344814
275395
27344814
275395
27344814
275395
27344814
275395
27344814
275395
27344814
275395
27344814
275395
27344814
275395
27344814
275395
27344814
275395
27344814
275395
27344814
275395
27344814
275395
27344814
275395
27344814
275395
27344814
275395
27344814
275395
27344814
275395
27345184
275395
27345184
275395
27345184
275395
27345184
275395
27345184
275395
27345184
275395
27345184
275395
27345184
275395
27345184
275395
27345184
275395
27345184
275395
27345184
275395
27345184
275395
27345184
275395
27345184
275395
27345184
275395
27345184
275395
27345184
275395
27345184
275395
27345184
275395
27345184
275395
27345184
275395
27345184
275395
27345184
275395
27345184
275395
27345184
275395
27345184
275395
27345184
275395
27345184
275395
27345184
275395
27345184
275395
27345184
275395
27345184
275395
27344814
276501
27344814
276501
27344814
276501
27344814
276501
27344814
276501
27344814
276501
27344814
276501
27344814
276501
27344814
276501
27344814
276501
27344814
276501
27344814
276501
27344814
276501
27344814
276501
27344814
276501
27344814
276501
27344814
276501
27344814
276501
27344814
276501
27344814
276501
27344814
276501
27344814
276501
27344814
276501
27344814
276501
27344814
276501
27344814
276501
27344814
276501
27346670
276132
27346670
276132
27345184
275763
27345184
275763
27345184
275763
27345184
275763
27345184
275763
27345184
275763
27345184
275763
27345184
275763
27345184
275763
27345184
275763
27345184
275763
27345184
275763
27345184
275763
27345184
275763
27345184
275763
27345184
275763
27345184
275763
27345184
275763
27345184
275763
27345184
275763
27345184
275763
27345184
275763
27345184
275763
27345184
275763
27345184
275763
27345184
275763
27345184
275763
27345184
275763
27345184
275763
27345184
275763
27345184
275763
27345184
275763
27345184
275763
27345184
275763
27345184
275763
27345184
275763
27345184
275763
27345184
275763
27345184
275763
27345184
275763
27345184
275763
27345184
275763
27345184
275763
27345184
275763
27345184
275763
27345184
275763
27345184
275763
27345184
275763
27345184
275763
27345184
275763
27345184
275763
27345184
275763
27345184
275763
27345184
275763
27345184
275763
27345184
275763
27345184
275763
27345184
275763
27345184
275763
27345184
275763
27345184
275763
27345184
275763
27345184
275763
27345184
275763
27345184
275763
27345184
275763
27345184
276869
27345184
276869
27345184
276869
27345184
276869
27345184
276869
27344814
275395
27344814
275395
27344814
275395
27344814
275395
27344814
275395
27344814
275395
27344814
275395
27344814
275395
27344814
275395
27344814
275395
27344814
275395
27344814
275395
27344814
275395
27344814
275395
27344814
275395
27344814
275395
27344814
275395
27344814
275395
27344814
275395
27344814
275395
27344814
275395
27344814
275395
27344814
275395
27344814
275395
27344814
275395
27344814
275763
27346299
275763
27344071
275763
27344071
275763
27344071
275763
27344071
275763
27344071
275763
27344071
275763
27344071
275763
27344071
275763
27344071
275763
27344071
275763
27344071
275763
27344071
275763
27344071
275763
27344071
275763
27344071
275763
27344071
275763
27344071
275763
27344071
275763
27344071
275763
27345556
275395
27345556
275395
27345556
275395
27345556
275763
27345556
275763
27345556
275763
27345556
275763
27345556
275763
27345556
275763
27345556
275763
27345556
275763
27345556
275763
27345556
275763
27345556
275763
27345556
275763
27347040
275026
27345556
275763
27345556
275763
27345556
275763
27345556
275763
27345556
275763
27345556
275763
27345556
275763
27345556
275763
27345556
275763
27345556
275763
27345556
275763
27345556
275763
27345556
275763
27345556
275763
27345556
275763
27345556
275763
27345556
275763
27345556
275763
27345556
275763
27345556
275763
27345556
275763
27345556
275763
27345556
275763
27344071
275026
27344071
275026
27344071
275026
27345184
276501
27345184
276501
27345184
276501
27344443
275026
27344443
275026
27344443
275026
27345928
275395
27345928
275395
27345928
275395
27345184
275763
27345184
275763
27345184
275763
27345184
275763
27345184
275763
27345184
275763
27345184
275763
27345184
275763
27345184
275763
27345184
275763
27345184
275763
27345184
275763
27345184
275763
27345184
275763
27345184
275763
27345184
275763
27345184
275763
27345184
275763
27345184
275763
27345184
275763
27345184
275763
27345184
275763
27345184
275763
27345184
275763
27345184
275763
27345184
275763
27345184
275763
27345184
275763
27345184
275763
27345184
275763
27345184
275763
27345184
275763
27345184
275763
27345556
275763
27345556
275763
27345556
275763
27345556
275763
27345556
275763
27345556
275763
27345556
275763
27345556
275763
27345556
275763
27345556
275763
27345556
275763
27345556
275763
27345556
275763
27345556
275763
27345556
275763
27345556
275763
27345556
275763
27345556
275763
27345556
275763
27345556
275763
27345556
275763
27345556
275763
27345556
275763
27345556
275763
27345556
275763
27345556
275763
27345556
275763
27345556
275763
27345556
275763
27345556
275763
27345556
275763
27345556
275763
27345556
275763
27345928
275763
27345928
275763
27345928
275763
27345928
275763
27345928
275763
27345928
275763
27345928
275763
27345928
275763
27345928
275763
27345928
275763
27345928
275763
27345928
275763
27345928
275763
27345928
275763
27345928
275763
27345928
275763
27345928
275763
27345928
275763
27345928
275763
27345928
275763
27345928
275763
27345928
275763
27345928
275763
27345928
275763
27345928
275763
27345928
275763
27345928
275763
27345928
275763
27345928
275763
27345928
275763
27345928
275763
27345928
275763
27345928
275763
27344443
275395
27344443
275395
27344443
275395
27344443
275395
27344443
275395
27344443
275395
27344443
275395
27344443
275395
27344443
275395
27344443
275395
27344443
275395
27344443
275395
27344443
275395
27344443
275395
27344443
275395
27344443
275395
27344443
275395
27344443
275395
27344443
275395
27344443
275395
27344443
275395
27344443
275395
27344443
275395
27344443
275395
27344443
275395
27344443
275395
27344443
275395
27344443
275395
27344443
275395
27344443
275395
27344443
275395
27344443
275395
27344443
275395
27345184
275763
27342587
275763
27344443
276132
27344443
276132
27344443
276132
27344443
276132
27344443
276132
27344443
276132
27344443
276132
27344443
276132
27344443
276132
27344443
276132
27344443
276132
27344443
276132
27344443
276132
27344443
276132
27344443
276132
27345928
274289
27345928
274289
27345928
274289
27345928
274289
27345928
274289
27345928
274289
27345928
274289
27345556
275395
27345556
275395
27345556
275395
27345556
275395
27345556
275395
27345556
275395
27345556
275395
27345556
275395
27345556
275395
27345556
275395
27345556
275395
27345556
275395
27345556
275395
27345556
275395
27345556
275395
27345556
275395
27345556
275395
27345556
275395
27345556
275395
27345556
275395
27345556
275395
27345556
275395
27345556
275395
27345556
275395
27344071
275395
27344071
275395
27344071
275395
27344071
275395
27344071
275395
27344071
275395
27345184
275763
27345184
275763
27345184
275763
27345184
275763
27345184
275763
27345184
275763
27345184
275763
27345184
275763
27345184
275763
27345184
275763
27345184
275763
27345184
275763
27345184
275763
27345184
275763
27345184
275763
27345184
275763
27345184
275763
27345184
275763
27345184
275763
27345184
275763
27345184
275763
27345184
275763
27345184
275763
27345184
275763
27345184
275763
27345184
275763
27345184
275763
27345184
275763
27345184
275763
27345184
275763
27345184
275763
27345184
275763
27345184
275763
27345556
276132
27345556
276132
27345556
276132
27345556
276132
27345556
276132
27345556
276132
27345556
276132
27345556
276132
27345556
276132
27345556
276132
27345556
276132
27345556
276132
27345556
276132
27345556
276132
27345556
276132
27345556
276132
27345556
276132
27345556
276132
27345556
276132
27345556
276132
27345556
276132
27345556
276132
27345556
276132
27345556
276132
27345556
276132
27345556
276132
27345556
276132
27345556
276132
27345556
276132
27345556
276132
27345556
276132
27345556
276132
27345556
276132
27345184
275395
27345184
275395
27345184
275395
27345184
275395
27345184
275395
27345184
275395
27345184
275395
27345184
275395
27345556
273920
27344443
275395
27344443
275395
27344443
275395
27344443
275395
27344443
275395
27344443
275395
27344443
275395
27344443
275395
27344443
275395
27344443
275395
27344443
275395
27344443
275395
27344443
275395
27344443
275395
27345928
275763
27345184
275763
27345184
275763
27345184
275763
27345184
275763
27345184
275763
27345184
275763
27345184
275763
27345184
275763
27345184
275763
27345184
275763
27345184
275763
27345184
275763
27345184
275763
27345184
275763
27345184
275763
27345184
275763
27345184
275763
27345184
275763
27345184
275763
27345184
275763
27345184
275763
27345184
275763
27345184
275763
27345184
275763
27345184
275763
27345184
275763
27345184
275763
27345184
275763
27345184
275763
27345184
275763
27345184
275763
27345184
275763
27345184
275763
27345184
275763
27345184
275763
27345184
275763
27345184
275763
27345184
275763
27345184
275763
27345184
275763
27345184
275763
27345184
275763
27345184
275763
27345184
275763
27343701
275763
27343701
275763
27345556
276132
27345556
276132
27344071
275026
27344071
275026
27344071
275026
27344071
275026
27344071
275026
27344071
275026
27344071
275026
27345556
275395
27345556
275395
27345556
275395
27345556
275395
27345556
275395
27345556
275395
27345556
275395
27345556
275395
27345556
275395
27345556
275395
27345556
275395
27345556
275395
27345556
275395
27345556
275395
27345556
275395
27345556
275395
27345556
275395
27345556
275395
27345556
275395
27345556
275395
27345556
275395
27345556
275395
27345556
275395
27345556
275395
27345556
275395
27345556
275395
27345556
275395
27345556
275395
27345556
275395
27345556
275395
27345556
275395
27345556
275395
27345556
275395
27345184
275026
27345184
275026
27345184
275026
27345184
275026
27345184
275026
27345184
275026
27345184
275026
27345184
275026
27345184
275026
27343330
274289
27345184
275395
27345184
275395
27345184
275395
27345184
275395
27345184
275395
27345184
275395
27345184
275395
27345184
275395
27345184
276869
27345184
276869
27345184
276869
27345184
276869
27345184
276869
27345184
276869
27345184
276501
27345184
276501
27345184
276501
27345184
276501
27345184
276501
27345184
276501
27345184
276501
27345184
276501
27345184
276501
27345184
276501
27345184
276501
27345928
275026
27345928
275026
27345928
275026
27345928
275026
27345928
275026
27345928
275026
27345928
275026
27345928
275026
27345928
275026
27345928
275026
27345928
275026
27345928
275026
27345928
275026
27345928
275026
27345928
275026
27345928
275026
27345928
275026
27345928
275026
27345928
275026
27345184
275763
27345184
275763
27345184
275763
27345184
275763
27345184
275763
27345184
275763
27345184
275763
27345184
275763
27345184
275763
27345184
275763
27345184
275763
27345184
275763
27345184
275763
27345184
275763
27345184
275763
27345184
275763
27345184
275763
27345184
275763
27345184
275763
27345184
275763
27345184
275763
27345184
275763
27345184
275763
27345184
275763
27345184
275763
27345184
275763
27345184
275763
27345184
275763
27345184
275763
27345184
275763
27345184
275763
27345184
275763
27345184
275763
27345556
275763
27345556
275763
27345556
275763
27345556
275763
27345556
275763
27345556
275763
27345556
275763
27345556
275763
27345556
275763
27345556
275763
27345556
275763
27345556
275763
27345556
275763
27345556
275763
27345556
275763
27345556
275763
27345556
275763
27345556
275763
27345556
275763
27345556
275763
27345556
275763
27345556
275763
27345556
275763
27345556
275763
27345556
275763
27345556
275763
27345556
275763
27345556
275763
27345556
275763
27345556
275763
27345556
275763
27345556
275763
27345556
275763
27344814
276132
27344814
276132
27344814
276132
27344814
276132
27344814
276132
27344814
276132
27344814
276132
27344814
276132
27344814
276132
27344814
276132
27346299
275763
27346299
275763
27346299
275763
27346299
275763
27346299
275763
27346299
275763
27346299
275763
27346299
275763
27346299
275763
27346299
275763
27344443
276501
27344443
276501
27344443
276501
27344071
275026
27345556
275763
27345556
275763
27345556
275763
27345556
275763
27345556
275763
27345556
275763
27345556
275763
27345556
275763
27345556
275763
27345556
275763
27345556
275763
27345556
275763
27345556
275763
27345556
275763
27345556
275763
27345556
277238
27345556
277238
27345184
275763
27345184
275763
27345184
275763
27345184
275763
27345184
275763
27345184
275763
27345184
275763
27345184
275763
27345184
275763
27345184
275763
27345184
275763
27345184
275763
27345184
275763
27345184
275763
27345184
275763
27343701
276501
27345184
276132
27345184
276132
27345184
276132
27345184
276132
27345184
276132
27345184
276132
27345184
276132
27345184
276132
27345184
276132
27345184
276132
27345184
276132
27345184
276132
27345184
276132
27345184
276132
27345184
276132
27345184
276132
27345184
276132
27345184
276132
27345184
276132
27345184
276132
27345184
276132
27275424
797431
27217896
827665
27200453
828034
27246846
800382
27175957
841308
27178926
828404
27181522
818450
27188575
810339
27190802
809233
27196369
808864
27199709
804071
27209359
803333
27207132
809601
27204906
811444
27200822
809601
27206760
811813
27198596
809970
27187832
811445
27179296
820662
27184864
821029
27201565
807757
27170389
832460
27164821
828772
27193400
815131
27229771
790797
27201935
805914
27178183
821030
27193771
815131
27175956
817344
27159996
824350
27174841
811445
27210101
804070
27198224
799278
27209730
790430
27214555
803333
27211215
796697
27210471
798172
27203790
796329
27172987
822137
27172615
820294
27184121
807390
27205276
800015
27177070
825086
27151831
828774
27171131
823243
27154430
836885
27133274
839097
27138841
850526
27144037
838728
27132903
839466
27121026
855688
27107665
858638
27085766
860113
27109150
856795
27104696
864905
27105438
862325
27107294
864169
27095046
874492
27089108
873018
27084283
878917
27072406
880022
27066839
881867
27047539
884449
27045312
885186
27043827
884079
27043827
884079
27043827
884079
27040487
892560
27039003
892929
27039003
892929
27039003
892929
27039374
892191
27039374
892191
27039374
892191
27039374
892191
27037889
894403
27049024
889610
27066096
888503
27075005
885921
27079828
882604
27079828
882604
27082056
881866
27084283
881866
27093933
874122
27090221
875597
27090221
875597
27090221
875597
27090221
875597
27095789
875967
27097645
877810
27097645
877810
27097645
877810
27097645
877810
27097645
877810
27087252
877442
27068322
874862
27040485
866753
27002257
870810
27001885
874128
26995203
863068
26976271
769794
26975156
749886
26976270
739194
26979981
728871
26982947
692003
26998908
676518
27030084
667300
27034166
661770
27036022
658083
27032310
652185
27033053
654028
27031940
651447
27030084
654028
27029713
651816
27029713
648129
27028228
649973
27030084
648498
27030084
648498
27030084
648498
27031569
648498
27031569
648498
27031569
648498
27031569
648498
27031569
648498
27031569
648498
27031569
648498
27031569
648498
27031569
648498
27033424
648867
27033424
648867
27033424
648867
27033424
648867
27035651
647392
27077964
656976
27085387
668036
27102832
679464
27106544
680201
27106544
680201
27106544
680201
27106544
680201
27106915
678726
27106915
678726
27107285
675408
27113965
666191
27116564
664716
27132524
655868
27146257
659554
27179289
653285
27185599
642962
27185599
642962
27185599
642962
27187083
644437
27185599
642962
27183371
641119
27185227
643331
27204155
604620
27212319
557061
27215288
542314
27223822
508764
27224194
500654
27251288
495122
27297682
481481
27356695
464152
27371170
465258
27363376
461571
27364118
459727
27362633
448668
27359291
442770
27360406
438714
27358178
439452
27358550
437977
27358550
437977
27354466
441295
27354466
441295
27351497
443876
27351497
443876
27348528
443876
27343703
453093
27342220
454198
27344446
453093
27344446
453093
27339621
454935
27336653
456042
27336653
456042
27336653
456042
27336653
456042
27338878
454935
27341477
454567
27344818
453830
27344818
453830
27347415
451248
27349271
449773
27351497
446825
27351497
446825
27352240
448300
27352240
448300
27345931
446088
27343333
447931
27346302
444981
27345559
456779
27356695
450880
27375995
467838
27380449
464889
27378593
463783
27420903
440556
27424615
439450
27436863
430233
27439460
426177
27440574
424334
27442059
422491
27446512
421016
27442059
421385
27441687
418435
27460615
418435
27460615
418435
27460615
418435
27460245
416592
27460245
416592
27461728
415117
27461728
415117
27461728
415117
27462471
413273
27467296
413642
27467296
413642
27469152
417329
27469152
417329
27469152
417329
27469152
417329
27469152
417329
27469152
417329
27462843
420277
27450224
430970
27433522
443873
27424985
451985
27422389
460095
27411255
478160
27411255
478160
27411996
475580
27396778
459727
27397150
449405
27400119
453091
27401975
454934
27401975
454934
27401975
454934
27401975
454934
27408655
421754
27375991
363506
27381188
347653
27382672
346547
27382302
339174
27381188
337330
27381188
337330
27380075
336224
27380075
336224
27380075
336224
27380075
336224
27380075
336224
27380075
336224
27380075
336224
27380075
336224
27380075
336224
27380075
336224
27380075
336224
27380075
336224
27380075
336224
27380075
336224
27380075
336224
27379703
332538
27375249
295302
27369682
290878
27363001
279818
27355949
275395
27358546
270602
27359289
269127
27359289
269127
27359289
270971
27361515
270970
27361515
270970
27361515
270970
27361515
272445
27361515
272445
27361145
269865
27361145
269865
27355206
270233
27350753
270233
27347783
265809
27347783
265809
27346299
264703
27350009
267653
27353721
268390
27357803
273183
27357803
273183
27358918
271708
27358918
271708
27358918
271708
27359289
271339
27359289
271339
27359289
271339
27359289
271339
27366712
266178
27366712
266178
27368568
263597
27368568
263597
27365970
264334
27402341
260279
27450963
266914
27462840
260278
27463953
258803
27481769
259540
27509606
318157
27509606
318157
27526678
363503
27524822
354286
27500699
359817
27468780
380094
27458759
405163
27437605
419542
27442430
413643
27445399
414010
27441315
421016
27438346
419172
27432038
422860
27432038
422860
27432038
422860
27433521
421385
27417563
443873
27406800
445718
27380077
457147
27354096
461572
27335909
461204
27324776
465259
27307703
470789
27289516
479268
27280980
481113
27272444
482956
27269846
482956
27269845
477058
27241638
497335
27243494
503234
27241266
501760
27238669
498810
27246091
495492
27246091
495492
27244235
493648
27240525
493648
27232731
499547
27232731
499547
27231616
498072
27231616
498072
27233102
495860
27230503
503972
27232359
499179
27221225
505077
27218256
510977
27218997
515401
27214545
520563
27216400
520563
27216400
520563
27219740
517243
27216771
516138
27214172
515033
27214545
513558
27214545
513558
27214545
513558
27211946
512452
27213059
520563
27213059
520563
27214545
520563
27217514
520931
27217514
520931
27217514
520931
27217514
520931
27217514
520931
27217514
520931
27213802
520563
27213802
520563
27211946
520193
27211946
520193
27207121
520193
27204895
519826
27204895
519456
27198956
514296
27198214
509134
27196358
511346
27193388
505447
27199327
507291
27203409
506185
27203409
506185
27203409
506185
27203409
508397
27219740
508396
27194502
507660
27192275
495493
27190047
494388
27190047
494388
27189677
496600
27187078
492913
27187078
492913
27187078
492913
27181510
489595
27180396
486646
27176685
486277
27176685
486277
27169263
479272
27166664
476322
27164809
476692
27141796
471531
27136228
471900
27136228
471900
27128434
471163
27128434
471163
27111733
474481
27103939
482593
27102455
482593
27102455
482593
27100599
478906
27100227
477063
27089091
463791
27061996
439459
27019314
448677
26989250
450152
26975516
445360
26967722
443885
26951763
446835
26951763
446835
26951763
446835
26951763
446835
26951763
446835
26951763
446835
26951763
446835
26951763
446835
26951763
446835
26951763
446835
26948794
447572
26946938
447941
26946938
447941
26946938
447941
26946938
447941
26946938
447941
26946938
447941
26946938
447941
26945453
446835
26942484
450522
26940257
451627
26938401
452366
26938401
452366
26938401
452366
26938401
452366
26938401
452366
26937288
448679
26937288
448679
26937659
451997
26945825
453839
26946566
456421
26948794
457896
26948052
451627
26945453
439462
26917615
449785
26912420
447573
26912790
446098
26916503
443518
26921328
445360
26922070
453841
26923555
457159
26923555
457159
